counterbalance_2.started,counterbalance_2.stopped,participant,age,gender,date,expName,psychopyVersion,OS,frameRate,STUDY_ID,SESSION_ID,information_2.started,information_2.stopped,information_loop.thisRepN,information_loop.thisTrialN,information_loop.thisN,information_loop.thisIndex,information_loop.ran,information,consent_2.started,consent_2.stopped,slider_1.response,slider_2.response,slider_3.response,slider_4.response,slider_5.response,slider_6.response,instructions.started,instructions.stopped,task1_instr.thisRepN,task1_instr.thisTrialN,task1_instr.thisN,task1_instr.thisIndex,task1_instr.ran,task1,comprehension1_2.started,comprehension1_2.stopped,comp1_mouse.x,comp1_mouse.y,comp1_mouse.leftButton,comp1_mouse.midButton,comp1_mouse.rightButton,comp1_mouse.time,comp1_mouse.clicked_name,cue_o__trial_2.started,cue_o__trial_2.stopped,order,cue_order,out_order,cue_o_mouse.x,cue_o_mouse.y,cue_o_mouse.leftButton,cue_o_mouse.midButton,cue_o_mouse.rightButton,cue_o_mouse.time,cue_o_mouse.clicked_name,cue_selection_2.started,correct_answer,cue_selection_2.stopped,feedback_2.started,feedback_2.stopped,feedback_loop.thisRepN,feedback_loop.thisTrialN,feedback_loop.thisN,feedback_loop.thisIndex,feedback_loop.ran,stage1_trials.thisRepN,stage1_trials.thisTrialN,stage1_trials.thisN,stage1_trials.thisIndex,stage1_trials.ran,cue1,cue2,cue3,outcome,correct_out,o1_feedback,o2_feedback,stage2_feedback_loop.thisRepN,stage2_feedback_loop.thisTrialN,stage2_feedback_loop.thisN,stage2_feedback_loop.thisIndex,stage2_feedback_loop.ran,stage2_trials.thisRepN,stage2_trials.thisTrialN,stage2_trials.thisN,stage2_trials.thisIndex,stage2_trials.ran,stage3_feedback_loop.thisRepN,stage3_feedback_loop.thisTrialN,stage3_feedback_loop.thisN,stage3_feedback_loop.thisIndex,stage3_feedback_loop.ran,stage3_trials.thisRepN,stage3_trials.thisTrialN,stage3_trials.thisN,stage3_trials.thisIndex,stage3_trials.ran,debrief_2.started,debrief_2.stopped,debrief_loop.thisRepN,debrief_loop.thisTrialN,debrief_loop.thisN,debrief_loop.thisIndex,debrief_loop.ran,debrief_img,compr1_completed.thisRepN,compr1_completed.thisTrialN,compr1_completed.thisN,compr1_completed.thisIndex,compr1_completed.ran,consent_loop.thisRepN,consent_loop.thisTrialN,consent_loop.thisN,consent_loop.thisIndex,consent_loop.ran
0.0001,0.0002,5ea1965fc546e204bb568292,,male,2024-04-24_12h31.48.743,stockport_simplified,2022.2.4,Win32,60.24096386,661e456ee6de07e70aa9ef7b,6628df89b8160f08a3f675cd,,,,,,,,,,,,,,,,,,,,,,,,,,,,,,,,,,,,,,,,,,,,,,,,,,,,,,,,,,,,,,,,,,,,,,,,,,,,,,,,,,,,,,,,,,,,,,,,,,,,,,,,,
,,5ea1965fc546e204bb568292,,male,2024-04-24_12h31.48.743,stockport_simplified,2022.2.4,Win32,60.24096386,661e456ee6de07e70aa9ef7b,6628df89b8160f08a3f675cd,0.0121,1.5825,0,0,0,0,1,instructions/info1.png,,,,,,,,,,,,,,,,,,,,,,,,,,,,,,,,,,,,,,,,,,,,,,,,,,,,,,,,,,,,,,,,,,,,,,,,,,,,,,,,,,,,,,,,,,,,,,,,,
,,5ea1965fc546e204bb568292,,male,2024-04-24_12h31.48.743,stockport_simplified,2022.2.4,Win32,60.24096386,661e456ee6de07e70aa9ef7b,6628df89b8160f08a3f675cd,1.5828,3.6659,0,1,1,1,1,instructions/info2.png,,,,,,,,,,,,,,,,,,,,,,,,,,,,,,,,,,,,,,,,,,,,,,,,,,,,,,,,,,,,,,,,,,,,,,,,,,,,,,,,,,,,,,,,,,,,,,,,,
,,5ea1965fc546e204bb568292,,male,2024-04-24_12h31.48.743,stockport_simplified,2022.2.4,Win32,60.24096386,661e456ee6de07e70aa9ef7b,6628df89b8160f08a3f675cd,3.6665,5.6487,0,2,2,2,1,instructions/info3.png,,,,,,,,,,,,,,,,,,,,,,,,,,,,,,,,,,,,,,,,,,,,,,,,,,,,,,,,,,,,,,,,,,,,,,,,,,,,,,,,,,,,,,,,,,,,,,,,,
,,5ea1965fc546e204bb568292,,male,2024-04-24_12h31.48.743,stockport_simplified,2022.2.4,Win32,60.24096386,661e456ee6de07e70aa9ef7b,6628df89b8160f08a3f675cd,,,,,,,,,5.6492,11.732,1,1,1,1,1,1,,,,,,,,,,,,,,,,,,,,,,,,,,,,,,,,,,,,,,,,,,,,,,,,,,,,,,,,,,,,,,,,,,,,,,,,,,,,,,,,,,,,,,,,,
,,5ea1965fc546e204bb568292,,male,2024-04-24_12h31.48.743,stockport_simplified,2022.2.4,Win32,60.24096386,661e456ee6de07e70aa9ef7b,6628df89b8160f08a3f675cd,,,,,,,,,,,,,,,,,11.7359,20.1648,0,0,0,0,1,instructions/task1_1.png,,,,,,,,,,,,,,,,,,,,,,,,,,,,,,,,,,,,,,,,,,,,,,,,,,,,,,,,,,,,,,,,,,,,,,,,,,,,,,,,,
,,5ea1965fc546e204bb568292,,male,2024-04-24_12h31.48.743,stockport_simplified,2022.2.4,Win32,60.24096386,661e456ee6de07e70aa9ef7b,6628df89b8160f08a3f675cd,,,,,,,,,,,,,,,,,20.1652,28.4142,0,1,1,1,1,instructions/task1_2.png,,,,,,,,,,,,,,,,,,,,,,,,,,,,,,,,,,,,,,,,,,,,,,,,,,,,,,,,,,,,,,,,,,,,,,,,,,,,,,,,,
,,5ea1965fc546e204bb568292,,male,2024-04-24_12h31.48.743,stockport_simplified,2022.2.4,Win32,60.24096386,661e456ee6de07e70aa9ef7b,6628df89b8160f08a3f675cd,,,,,,,,,,,,,,,,,28.4146,37.3136,0,2,2,2,1,instructions/task1_3.png,,,,,,,,,,,,,,,,,,,,,,,,,,,,,,,,,,,,,,,,,,,,,,,,,,,,,,,,,,,,,,,,,,,,,,,,,,,,,,,,,
,,5ea1965fc546e204bb568292,,male,2024-04-24_12h31.48.743,stockport_simplified,2022.2.4,Win32,60.24096386,661e456ee6de07e70aa9ef7b,6628df89b8160f08a3f675cd,,,,,,,,,,,,,,,,,,,,,,,,,37.3141,45.5062,-0.037962949,-0.337037051,1,0,0,8.1919,comp1_resp1,45.5135,50.4799,"[5,1,8,7,3,4,6,2]","[[0.3,0.2],[-0.3,0.2]]","[[0.125,-0.2],[-0.125,-0.2]]",-0.112037023,-0.220370399,1,0,0,4.4492,o2_image,50.481,1,50.9799,50.98,52.9798,0,0,0,0,1,,,,,,,,,,,,,,,,,,,,,,,,,,,,,,,,,,,,,,,,,,,,,,,,,,
,,5ea1965fc546e204bb568292,,male,2024-04-24_12h31.48.743,stockport_simplified,2022.2.4,Win32,60.24096386,661e456ee6de07e70aa9ef7b,6628df89b8160f08a3f675cd,,,,,,,,,,,,,,,,,,,,,,,,,,,,,,,,,,,,,,,,,,,,,,,,,,,,,,,,0,0,0,46,1,B,Y,N,o2_image,stimuli/out2.png,stimuli/out1.png,stimuli/correct_out2.png,,,,,,,,,,,,,,,,,,,,,,,,,,,,,,,,,,,,,,
,,5ea1965fc546e204bb568292,,male,2024-04-24_12h31.48.743,stockport_simplified,2022.2.4,Win32,60.24096386,661e456ee6de07e70aa9ef7b,6628df89b8160f08a3f675cd,,,,,,,,,,,,,,,,,,,,,,,,,,,,,,,,,,52.9803,55.2292,"[5,1,8,7,3,4,6,2]","[[0.3,0.2],[-0.3,0.2]]","[[0.125,-0.2],[-0.125,-0.2]]",0.067592621,-0.219444487,1,0,0,1.7319,o1_image,55.2299,1,55.7197,55.7197,57.7124,0,0,0,0,1,,,,,,,,,,,,,,,,,,,,,,,,,,,,,,,,,,,,,,,,,,,,,,,,,,
,,5ea1965fc546e204bb568292,,male,2024-04-24_12h31.48.743,stockport_simplified,2022.2.4,Win32,60.24096386,661e456ee6de07e70aa9ef7b,6628df89b8160f08a3f675cd,,,,,,,,,,,,,,,,,,,,,,,,,,,,,,,,,,,,,,,,,,,,,,,,,,,,,,,,0,1,1,4,1,A,X,N,o1_image,stimuli/out1.png,stimuli/correct_out1.png,stimuli/out2.png,,,,,,,,,,,,,,,,,,,,,,,,,,,,,,,,,,,,,,
,,5ea1965fc546e204bb568292,,male,2024-04-24_12h31.48.743,stockport_simplified,2022.2.4,Win32,60.24096386,661e456ee6de07e70aa9ef7b,6628df89b8160f08a3f675cd,,,,,,,,,,,,,,,,,,,,,,,,,,,,,,,,,,57.7129,60.729,"[5,1,8,7,3,4,6,2]","[[-0.3,0.2],[0.3,0.2]]","[[0.125,-0.2],[-0.125,-0.2]]",-0.134259259,-0.193518533,1,0,0,2.5098,o2_image,60.7298,1,61.2295,61.2296,63.229,0,0,0,0,1,,,,,,,,,,,,,,,,,,,,,,,,,,,,,,,,,,,,,,,,,,,,,,,,,,
,,5ea1965fc546e204bb568292,,male,2024-04-24_12h31.48.743,stockport_simplified,2022.2.4,Win32,60.24096386,661e456ee6de07e70aa9ef7b,6628df89b8160f08a3f675cd,,,,,,,,,,,,,,,,,,,,,,,,,,,,,,,,,,,,,,,,,,,,,,,,,,,,,,,,0,2,2,29,1,N,M,D,o2_image,stimuli/out2.png,stimuli/out1.png,stimuli/correct_out2.png,,,,,,,,,,,,,,,,,,,,,,,,,,,,,,,,,,,,,,
,,5ea1965fc546e204bb568292,,male,2024-04-24_12h31.48.743,stockport_simplified,2022.2.4,Win32,60.24096386,661e456ee6de07e70aa9ef7b,6628df89b8160f08a3f675cd,,,,,,,,,,,,,,,,,,,,,,,,,,,,,,,,,,63.2295,66.7121,"[5,1,8,7,3,4,6,2]","[[-0.3,0.2],[0.3,0.2]]","[[-0.125,-0.2],[0.125,-0.2]]",-0.071296268,-0.209259245,1,0,0,2.9659,o1_image,66.7175,1,67.2122,67.2123,69.2123,0,0,0,0,1,,,,,,,,,,,,,,,,,,,,,,,,,,,,,,,,,,,,,,,,,,,,,,,,,,
,,5ea1965fc546e204bb568292,,male,2024-04-24_12h31.48.743,stockport_simplified,2022.2.4,Win32,60.24096386,661e456ee6de07e70aa9ef7b,6628df89b8160f08a3f675cd,,,,,,,,,,,,,,,,,,,,,,,,,,,,,,,,,,,,,,,,,,,,,,,,,,,,,,,,0,3,3,20,1,N,M,C,o1_image,stimuli/out1.png,stimuli/correct_out1.png,stimuli/out2.png,,,,,,,,,,,,,,,,,,,,,,,,,,,,,,,,,,,,,,
,,5ea1965fc546e204bb568292,,male,2024-04-24_12h31.48.743,stockport_simplified,2022.2.4,Win32,60.24096386,661e456ee6de07e70aa9ef7b,6628df89b8160f08a3f675cd,,,,,,,,,,,,,,,,,,,,,,,,,,,,,,,,,,69.213,73.0622,"[5,1,8,7,3,4,6,2]","[[-0.3,0.2],[0.3,0.2]]","[[0.125,-0.2],[-0.125,-0.2]]",0.140740783,-0.200925968,1,0,0,3.3329,o1_image,73.0674,0,73.5614,73.5615,75.5522,0,0,0,0,1,,,,,,,,,,,,,,,,,,,,,,,,,,,,,,,,,,,,,,,,,,,,,,,,,,
,,5ea1965fc546e204bb568292,,male,2024-04-24_12h31.48.743,stockport_simplified,2022.2.4,Win32,60.24096386,661e456ee6de07e70aa9ef7b,6628df89b8160f08a3f675cd,,,,,,,,,,,,,,,,,,,,,,,,,,,,,,,,,,,,,,,,,,,,,,,,,,,,,,,,0,4,4,11,1,B,X,N,o2_image,stimuli/out2.png,stimuli/out1.png,stimuli/correct_out2.png,,,,,,,,,,,,,,,,,,,,,,,,,,,,,,,,,,,,,,
,,5ea1965fc546e204bb568292,,male,2024-04-24_12h31.48.743,stockport_simplified,2022.2.4,Win32,60.24096386,661e456ee6de07e70aa9ef7b,6628df89b8160f08a3f675cd,,,,,,,,,,,,,,,,,,,,,,,,,,,,,,,,,,75.5524,80.6113,"[5,1,8,7,3,4,6,2]","[[0.3,0.2],[-0.3,0.2]]","[[-0.125,-0.2],[0.125,-0.2]]",0.106481481,-0.199999986,1,0,0,4.5487,o2_image,80.6167,1,81.111,81.111,83.1014,0,0,0,0,1,,,,,,,,,,,,,,,,,,,,,,,,,,,,,,,,,,,,,,,,,,,,,,,,,,
,,5ea1965fc546e204bb568292,,male,2024-04-24_12h31.48.743,stockport_simplified,2022.2.4,Win32,60.24096386,661e456ee6de07e70aa9ef7b,6628df89b8160f08a3f675cd,,,,,,,,,,,,,,,,,,,,,,,,,,,,,,,,,,,,,,,,,,,,,,,,,,,,,,,,0,5,5,59,1,N,M,D,o2_image,stimuli/out2.png,stimuli/out1.png,stimuli/correct_out2.png,,,,,,,,,,,,,,,,,,,,,,,,,,,,,,,,,,,,,,
,,5ea1965fc546e204bb568292,,male,2024-04-24_12h31.48.743,stockport_simplified,2022.2.4,Win32,60.24096386,661e456ee6de07e70aa9ef7b,6628df89b8160f08a3f675cd,,,,,,,,,,,,,,,,,,,,,,,,,,,,,,,,,,83.1017,85.2941,"[5,1,8,7,3,4,6,2]","[[-0.3,0.2],[0.3,0.2]]","[[0.125,-0.2],[-0.125,-0.2]]",-0.07222218,-0.213888875,1,0,0,1.6825,o2_image,85.2949,1,85.8016,85.8017,87.7943,0,0,0,0,1,,,,,,,,,,,,,,,,,,,,,,,,,,,,,,,,,,,,,,,,,,,,,,,,,,
,,5ea1965fc546e204bb568292,,male,2024-04-24_12h31.48.743,stockport_simplified,2022.2.4,Win32,60.24096386,661e456ee6de07e70aa9ef7b,6628df89b8160f08a3f675cd,,,,,,,,,,,,,,,,,,,,,,,,,,,,,,,,,,,,,,,,,,,,,,,,,,,,,,,,0,6,6,28,1,N,M,D,o2_image,stimuli/out2.png,stimuli/out1.png,stimuli/correct_out2.png,,,,,,,,,,,,,,,,,,,,,,,,,,,,,,,,,,,,,,
,,5ea1965fc546e204bb568292,,male,2024-04-24_12h31.48.743,stockport_simplified,2022.2.4,Win32,60.24096386,661e456ee6de07e70aa9ef7b,6628df89b8160f08a3f675cd,,,,,,,,,,,,,,,,,,,,,,,,,,,,,,,,,,87.795,90.4519,"[5,1,8,7,3,4,6,2]","[[-0.3,0.2],[0.3,0.2]]","[[-0.125,-0.2],[0.125,-0.2]]",-0.10092594,-0.217592593,1,0,0,2.1402,o1_image,90.4524,1,90.9516,90.9517,92.944,0,0,0,0,1,,,,,,,,,,,,,,,,,,,,,,,,,,,,,,,,,,,,,,,,,,,,,,,,,,
,,5ea1965fc546e204bb568292,,male,2024-04-24_12h31.48.743,stockport_simplified,2022.2.4,Win32,60.24096386,661e456ee6de07e70aa9ef7b,6628df89b8160f08a3f675cd,,,,,,,,,,,,,,,,,,,,,,,,,,,,,,,,,,,,,,,,,,,,,,,,,,,,,,,,0,7,7,3,1,A,X,N,o1_image,stimuli/out1.png,stimuli/correct_out1.png,stimuli/out2.png,,,,,,,,,,,,,,,,,,,,,,,,,,,,,,,,,,,,,,
,,5ea1965fc546e204bb568292,,male,2024-04-24_12h31.48.743,stockport_simplified,2022.2.4,Win32,60.24096386,661e456ee6de07e70aa9ef7b,6628df89b8160f08a3f675cd,,,,,,,,,,,,,,,,,,,,,,,,,,,,,,,,,,92.9444,94.6439,"[5,1,8,7,3,4,6,2]","[[0.3,0.2],[-0.3,0.2]]","[[-0.125,-0.2],[0.125,-0.2]]",-0.112037023,-0.22129631,1,0,0,1.1827,o1_image,94.6447,1,95.1502,95.1502,97.1434,0,0,0,0,1,,,,,,,,,,,,,,,,,,,,,,,,,,,,,,,,,,,,,,,,,,,,,,,,,,
,,5ea1965fc546e204bb568292,,male,2024-04-24_12h31.48.743,stockport_simplified,2022.2.4,Win32,60.24096386,661e456ee6de07e70aa9ef7b,6628df89b8160f08a3f675cd,,,,,,,,,,,,,,,,,,,,,,,,,,,,,,,,,,,,,,,,,,,,,,,,,,,,,,,,0,8,8,33,1,A,X,N,o1_image,stimuli/out1.png,stimuli/correct_out1.png,stimuli/out2.png,,,,,,,,,,,,,,,,,,,,,,,,,,,,,,,,,,,,,,
,,5ea1965fc546e204bb568292,,male,2024-04-24_12h31.48.743,stockport_simplified,2022.2.4,Win32,60.24096386,661e456ee6de07e70aa9ef7b,6628df89b8160f08a3f675cd,,,,,,,,,,,,,,,,,,,,,,,,,,,,,,,,,,97.1442,98.8103,"[5,1,8,7,3,4,6,2]","[[0.3,0.2],[-0.3,0.2]]","[[-0.125,-0.2],[0.125,-0.2]]",-0.112037023,-0.22129631,1,0,0,1.1498,o1_image,98.811,1,99.3102,99.3102,101.3105,0,0,0,0,1,,,,,,,,,,,,,,,,,,,,,,,,,,,,,,,,,,,,,,,,,,,,,,,,,,
,,5ea1965fc546e204bb568292,,male,2024-04-24_12h31.48.743,stockport_simplified,2022.2.4,Win32,60.24096386,661e456ee6de07e70aa9ef7b,6628df89b8160f08a3f675cd,,,,,,,,,,,,,,,,,,,,,,,,,,,,,,,,,,,,,,,,,,,,,,,,,,,,,,,,0,9,9,2,1,A,X,N,o1_image,stimuli/out1.png,stimuli/correct_out1.png,stimuli/out2.png,,,,,,,,,,,,,,,,,,,,,,,,,,,,,,,,,,,,,,
,,5ea1965fc546e204bb568292,,male,2024-04-24_12h31.48.743,stockport_simplified,2022.2.4,Win32,60.24096386,661e456ee6de07e70aa9ef7b,6628df89b8160f08a3f675cd,,,,,,,,,,,,,,,,,,,,,,,,,,,,,,,,,,101.311,104.8097,"[5,1,8,7,3,4,6,2]","[[0.3,0.2],[-0.3,0.2]]","[[-0.125,-0.2],[0.125,-0.2]]",0.090740769,-0.213888875,1,0,0,2.9823,o2_image,104.8152,0,105.3098,105.3099,107.3002,0,0,0,0,1,,,,,,,,,,,,,,,,,,,,,,,,,,,,,,,,,,,,,,,,,,,,,,,,,,
,,5ea1965fc546e204bb568292,,male,2024-04-24_12h31.48.743,stockport_simplified,2022.2.4,Win32,60.24096386,661e456ee6de07e70aa9ef7b,6628df89b8160f08a3f675cd,,,,,,,,,,,,,,,,,,,,,,,,,,,,,,,,,,,,,,,,,,,,,,,,,,,,,,,,0,10,10,22,1,N,M,C,o1_image,stimuli/out1.png,stimuli/correct_out1.png,stimuli/out2.png,,,,,,,,,,,,,,,,,,,,,,,,,,,,,,,,,,,,,,
,,5ea1965fc546e204bb568292,,male,2024-04-24_12h31.48.743,stockport_simplified,2022.2.4,Win32,60.24096386,661e456ee6de07e70aa9ef7b,6628df89b8160f08a3f675cd,,,,,,,,,,,,,,,,,,,,,,,,,,,,,,,,,,107.3004,109.8338,"[5,1,8,7,3,4,6,2]","[[-0.3,0.2],[0.3,0.2]]","[[0.125,-0.2],[-0.125,-0.2]]",0.134259259,-0.224074116,1,0,0,2.0174,o1_image,109.8343,1,110.3333,110.3333,112.3261,0,0,0,0,1,,,,,,,,,,,,,,,,,,,,,,,,,,,,,,,,,,,,,,,,,,,,,,,,,,
,,5ea1965fc546e204bb568292,,male,2024-04-24_12h31.48.743,stockport_simplified,2022.2.4,Win32,60.24096386,661e456ee6de07e70aa9ef7b,6628df89b8160f08a3f675cd,,,,,,,,,,,,,,,,,,,,,,,,,,,,,,,,,,,,,,,,,,,,,,,,,,,,,,,,0,11,11,5,1,A,Y,N,o1_image,stimuli/out1.png,stimuli/correct_out1.png,stimuli/out2.png,,,,,,,,,,,,,,,,,,,,,,,,,,,,,,,,,,,,,,
,,5ea1965fc546e204bb568292,,male,2024-04-24_12h31.48.743,stockport_simplified,2022.2.4,Win32,60.24096386,661e456ee6de07e70aa9ef7b,6628df89b8160f08a3f675cd,,,,,,,,,,,,,,,,,,,,,,,,,,,,,,,,,,112.3267,114.3258,"[5,1,8,7,3,4,6,2]","[[-0.3,0.2],[0.3,0.2]]","[[0.125,-0.2],[-0.125,-0.2]]",0.128703718,-0.241666653,1,0,0,1.4824,o1_image,114.3268,1,114.8267,114.8267,116.8261,0,0,0,0,1,,,,,,,,,,,,,,,,,,,,,,,,,,,,,,,,,,,,,,,,,,,,,,,,,,
,,5ea1965fc546e204bb568292,,male,2024-04-24_12h31.48.743,stockport_simplified,2022.2.4,Win32,60.24096386,661e456ee6de07e70aa9ef7b,6628df89b8160f08a3f675cd,,,,,,,,,,,,,,,,,,,,,,,,,,,,,,,,,,,,,,,,,,,,,,,,,,,,,,,,0,12,12,0,1,A,X,N,o1_image,stimuli/out1.png,stimuli/correct_out1.png,stimuli/out2.png,,,,,,,,,,,,,,,,,,,,,,,,,,,,,,,,,,,,,,
,,5ea1965fc546e204bb568292,,male,2024-04-24_12h31.48.743,stockport_simplified,2022.2.4,Win32,60.24096386,661e456ee6de07e70aa9ef7b,6628df89b8160f08a3f675cd,,,,,,,,,,,,,,,,,,,,,,,,,,,,,,,,,,116.8266,120.1424,"[5,1,8,7,3,4,6,2]","[[-0.3,0.2],[0.3,0.2]]","[[-0.125,-0.2],[0.125,-0.2]]",-0.089814787,-0.244444459,1,0,0,2.7988,o1_image,120.148,0,120.6429,120.643,122.6425,0,0,0,0,1,,,,,,,,,,,,,,,,,,,,,,,,,,,,,,,,,,,,,,,,,,,,,,,,,,
,,5ea1965fc546e204bb568292,,male,2024-04-24_12h31.48.743,stockport_simplified,2022.2.4,Win32,60.24096386,661e456ee6de07e70aa9ef7b,6628df89b8160f08a3f675cd,,,,,,,,,,,,,,,,,,,,,,,,,,,,,,,,,,,,,,,,,,,,,,,,,,,,,,,,0,13,13,42,1,B,X,N,o2_image,stimuli/out2.png,stimuli/out1.png,stimuli/correct_out2.png,,,,,,,,,,,,,,,,,,,,,,,,,,,,,,,,,,,,,,
,,5ea1965fc546e204bb568292,,male,2024-04-24_12h31.48.743,stockport_simplified,2022.2.4,Win32,60.24096386,661e456ee6de07e70aa9ef7b,6628df89b8160f08a3f675cd,,,,,,,,,,,,,,,,,,,,,,,,,,,,,,,,,,122.6431,125.0083,"[5,1,8,7,3,4,6,2]","[[-0.3,0.2],[0.3,0.2]]","[[0.125,-0.2],[-0.125,-0.2]]",0.118518547,-0.249074088,1,0,0,1.8595,o1_image,125.0093,1,125.5089,125.509,127.4996,0,0,0,0,1,,,,,,,,,,,,,,,,,,,,,,,,,,,,,,,,,,,,,,,,,,,,,,,,,,
,,5ea1965fc546e204bb568292,,male,2024-04-24_12h31.48.743,stockport_simplified,2022.2.4,Win32,60.24096386,661e456ee6de07e70aa9ef7b,6628df89b8160f08a3f675cd,,,,,,,,,,,,,,,,,,,,,,,,,,,,,,,,,,,,,,,,,,,,,,,,,,,,,,,,0,14,14,34,1,A,X,N,o1_image,stimuli/out1.png,stimuli/correct_out1.png,stimuli/out2.png,,,,,,,,,,,,,,,,,,,,,,,,,,,,,,,,,,,,,,
,,5ea1965fc546e204bb568292,,male,2024-04-24_12h31.48.743,stockport_simplified,2022.2.4,Win32,60.24096386,661e456ee6de07e70aa9ef7b,6628df89b8160f08a3f675cd,,,,,,,,,,,,,,,,,,,,,,,,,,,,,,,,,,127.4999,130.2084,"[5,1,8,7,3,4,6,2]","[[-0.3,0.2],[0.3,0.2]]","[[-0.125,-0.2],[0.125,-0.2]]",-0.127777735,-0.217592593,1,0,0,2.1988,o1_image,130.2138,1,130.7089,130.709,132.7089,0,0,0,0,1,,,,,,,,,,,,,,,,,,,,,,,,,,,,,,,,,,,,,,,,,,,,,,,,,,
,,5ea1965fc546e204bb568292,,male,2024-04-24_12h31.48.743,stockport_simplified,2022.2.4,Win32,60.24096386,661e456ee6de07e70aa9ef7b,6628df89b8160f08a3f675cd,,,,,,,,,,,,,,,,,,,,,,,,,,,,,,,,,,,,,,,,,,,,,,,,,,,,,,,,0,15,15,1,1,A,X,N,o1_image,stimuli/out1.png,stimuli/correct_out1.png,stimuli/out2.png,,,,,,,,,,,,,,,,,,,,,,,,,,,,,,,,,,,,,,
,,5ea1965fc546e204bb568292,,male,2024-04-24_12h31.48.743,stockport_simplified,2022.2.4,Win32,60.24096386,661e456ee6de07e70aa9ef7b,6628df89b8160f08a3f675cd,,,,,,,,,,,,,,,,,,,,,,,,,,,,,,,,,,132.7095,135.2081,"[5,1,8,7,3,4,6,2]","[[0.3,0.2],[-0.3,0.2]]","[[-0.125,-0.2],[0.125,-0.2]]",0.085185228,-0.229629658,1,0,0,1.9758,o2_image,135.2091,1,135.7087,135.7088,137.7087,0,0,0,0,1,,,,,,,,,,,,,,,,,,,,,,,,,,,,,,,,,,,,,,,,,,,,,,,,,,
,,5ea1965fc546e204bb568292,,male,2024-04-24_12h31.48.743,stockport_simplified,2022.2.4,Win32,60.24096386,661e456ee6de07e70aa9ef7b,6628df89b8160f08a3f675cd,,,,,,,,,,,,,,,,,,,,,,,,,,,,,,,,,,,,,,,,,,,,,,,,,,,,,,,,0,16,16,26,1,N,M,D,o2_image,stimuli/out2.png,stimuli/out1.png,stimuli/correct_out2.png,,,,,,,,,,,,,,,,,,,,,,,,,,,,,,,,,,,,,,
,,5ea1965fc546e204bb568292,,male,2024-04-24_12h31.48.743,stockport_simplified,2022.2.4,Win32,60.24096386,661e456ee6de07e70aa9ef7b,6628df89b8160f08a3f675cd,,,,,,,,,,,,,,,,,,,,,,,,,,,,,,,,,,137.7092,140.0747,"[5,1,8,7,3,4,6,2]","[[-0.3,0.2],[0.3,0.2]]","[[0.125,-0.2],[-0.125,-0.2]]",0.046296296,-0.256481524,1,0,0,1.849,o1_image,140.0801,0,140.5823,140.5823,142.5743,0,0,0,0,1,,,,,,,,,,,,,,,,,,,,,,,,,,,,,,,,,,,,,,,,,,,,,,,,,,
,,5ea1965fc546e204bb568292,,male,2024-04-24_12h31.48.743,stockport_simplified,2022.2.4,Win32,60.24096386,661e456ee6de07e70aa9ef7b,6628df89b8160f08a3f675cd,,,,,,,,,,,,,,,,,,,,,,,,,,,,,,,,,,,,,,,,,,,,,,,,,,,,,,,,0,17,17,47,1,B,Y,N,o2_image,stimuli/out2.png,stimuli/out1.png,stimuli/correct_out2.png,,,,,,,,,,,,,,,,,,,,,,,,,,,,,,,,,,,,,,
,,5ea1965fc546e204bb568292,,male,2024-04-24_12h31.48.743,stockport_simplified,2022.2.4,Win32,60.24096386,661e456ee6de07e70aa9ef7b,6628df89b8160f08a3f675cd,,,,,,,,,,,,,,,,,,,,,,,,,,,,,,,,,,142.5744,144.6743,"[5,1,8,7,3,4,6,2]","[[0.3,0.2],[-0.3,0.2]]","[[-0.125,-0.2],[0.125,-0.2]]",-0.075925898,-0.255555541,1,0,0,1.5832,o1_image,144.6751,0,145.1749,145.1749,147.1742,0,0,0,0,1,,,,,,,,,,,,,,,,,,,,,,,,,,,,,,,,,,,,,,,,,,,,,,,,,,
,,5ea1965fc546e204bb568292,,male,2024-04-24_12h31.48.743,stockport_simplified,2022.2.4,Win32,60.24096386,661e456ee6de07e70aa9ef7b,6628df89b8160f08a3f675cd,,,,,,,,,,,,,,,,,,,,,,,,,,,,,,,,,,,,,,,,,,,,,,,,,,,,,,,,0,18,18,14,1,B,X,N,o2_image,stimuli/out2.png,stimuli/out1.png,stimuli/correct_out2.png,,,,,,,,,,,,,,,,,,,,,,,,,,,,,,,,,,,,,,
,,5ea1965fc546e204bb568292,,male,2024-04-24_12h31.48.743,stockport_simplified,2022.2.4,Win32,60.24096386,661e456ee6de07e70aa9ef7b,6628df89b8160f08a3f675cd,,,,,,,,,,,,,,,,,,,,,,,,,,,,,,,,,,147.175,149.2074,"[5,1,8,7,3,4,6,2]","[[-0.3,0.2],[0.3,0.2]]","[[-0.125,-0.2],[0.125,-0.2]]",0.097222222,-0.211111139,1,0,0,1.5158,o2_image,149.2082,0,149.7077,149.7079,151.7075,0,0,0,0,1,,,,,,,,,,,,,,,,,,,,,,,,,,,,,,,,,,,,,,,,,,,,,,,,,,
,,5ea1965fc546e204bb568292,,male,2024-04-24_12h31.48.743,stockport_simplified,2022.2.4,Win32,60.24096386,661e456ee6de07e70aa9ef7b,6628df89b8160f08a3f675cd,,,,,,,,,,,,,,,,,,,,,,,,,,,,,,,,,,,,,,,,,,,,,,,,,,,,,,,,0,19,19,21,1,N,M,C,o1_image,stimuli/out1.png,stimuli/correct_out1.png,stimuli/out2.png,,,,,,,,,,,,,,,,,,,,,,,,,,,,,,,,,,,,,,
,,5ea1965fc546e204bb568292,,male,2024-04-24_12h31.48.743,stockport_simplified,2022.2.4,Win32,60.24096386,661e456ee6de07e70aa9ef7b,6628df89b8160f08a3f675cd,,,,,,,,,,,,,,,,,,,,,,,,,,,,,,,,,,151.7082,154.3405,"[5,1,8,7,3,4,6,2]","[[0.3,0.2],[-0.3,0.2]]","[[0.125,-0.2],[-0.125,-0.2]]",-0.066666638,-0.243518547,1,0,0,2.1156,o2_image,154.3462,0,154.8406,154.8407,156.8407,0,0,0,0,1,,,,,,,,,,,,,,,,,,,,,,,,,,,,,,,,,,,,,,,,,,,,,,,,,,
,,5ea1965fc546e204bb568292,,male,2024-04-24_12h31.48.743,stockport_simplified,2022.2.4,Win32,60.24096386,661e456ee6de07e70aa9ef7b,6628df89b8160f08a3f675cd,,,,,,,,,,,,,,,,,,,,,,,,,,,,,,,,,,,,,,,,,,,,,,,,,,,,,,,,0,20,20,32,1,A,X,N,o1_image,stimuli/out1.png,stimuli/correct_out1.png,stimuli/out2.png,,,,,,,,,,,,,,,,,,,,,,,,,,,,,,,,,,,,,,
,,5ea1965fc546e204bb568292,,male,2024-04-24_12h31.48.743,stockport_simplified,2022.2.4,Win32,60.24096386,661e456ee6de07e70aa9ef7b,6628df89b8160f08a3f675cd,,,,,,,,,,,,,,,,,,,,,,,,,,,,,,,,,,156.8416,158.8808,"[5,1,8,7,3,4,6,2]","[[-0.3,0.2],[0.3,0.2]]","[[0.125,-0.2],[-0.125,-0.2]]",0.085185228,-0.241666653,1,0,0,1.5229,o1_image,158.8811,0,159.3809,159.3809,161.3737,0,0,0,0,1,,,,,,,,,,,,,,,,,,,,,,,,,,,,,,,,,,,,,,,,,,,,,,,,,,
,,5ea1965fc546e204bb568292,,male,2024-04-24_12h31.48.743,stockport_simplified,2022.2.4,Win32,60.24096386,661e456ee6de07e70aa9ef7b,6628df89b8160f08a3f675cd,,,,,,,,,,,,,,,,,,,,,,,,,,,,,,,,,,,,,,,,,,,,,,,,,,,,,,,,0,21,21,41,1,B,X,N,o2_image,stimuli/out2.png,stimuli/out1.png,stimuli/correct_out2.png,,,,,,,,,,,,,,,,,,,,,,,,,,,,,,,,,,,,,,
,,5ea1965fc546e204bb568292,,male,2024-04-24_12h31.48.743,stockport_simplified,2022.2.4,Win32,60.24096386,661e456ee6de07e70aa9ef7b,6628df89b8160f08a3f675cd,,,,,,,,,,,,,,,,,,,,,,,,,,,,,,,,,,161.3743,164.5473,"[5,1,8,7,3,4,6,2]","[[0.3,0.2],[-0.3,0.2]]","[[0.125,-0.2],[-0.125,-0.2]]",-0.201851809,-0.251851894,1,0,0,2.6561,o2_image,164.5522,1,165.0399,165.04,167.0306,0,0,0,0,1,,,,,,,,,,,,,,,,,,,,,,,,,,,,,,,,,,,,,,,,,,,,,,,,,,
,,5ea1965fc546e204bb568292,,male,2024-04-24_12h31.48.743,stockport_simplified,2022.2.4,Win32,60.24096386,661e456ee6de07e70aa9ef7b,6628df89b8160f08a3f675cd,,,,,,,,,,,,,,,,,,,,,,,,,,,,,,,,,,,,,,,,,,,,,,,,,,,,,,,,0,22,22,19,1,B,Y,N,o2_image,stimuli/out2.png,stimuli/out1.png,stimuli/correct_out2.png,,,,,,,,,,,,,,,,,,,,,,,,,,,,,,,,,,,,,,
,,5ea1965fc546e204bb568292,,male,2024-04-24_12h31.48.743,stockport_simplified,2022.2.4,Win32,60.24096386,661e456ee6de07e70aa9ef7b,6628df89b8160f08a3f675cd,,,,,,,,,,,,,,,,,,,,,,,,,,,,,,,,,,167.0308,169.0231,"[5,1,8,7,3,4,6,2]","[[-0.3,0.2],[0.3,0.2]]","[[0.125,-0.2],[-0.125,-0.2]]",-0.094444416,-0.171296296,1,0,0,1.4766,o2_image,169.0239,0,169.5306,169.5306,171.5235,0,0,0,0,1,,,,,,,,,,,,,,,,,,,,,,,,,,,,,,,,,,,,,,,,,,,,,,,,,,
,,5ea1965fc546e204bb568292,,male,2024-04-24_12h31.48.743,stockport_simplified,2022.2.4,Win32,60.24096386,661e456ee6de07e70aa9ef7b,6628df89b8160f08a3f675cd,,,,,,,,,,,,,,,,,,,,,,,,,,,,,,,,,,,,,,,,,,,,,,,,,,,,,,,,0,23,23,38,1,A,Y,N,o1_image,stimuli/out1.png,stimuli/correct_out1.png,stimuli/out2.png,,,,,,,,,,,,,,,,,,,,,,,,,,,,,,,,,,,,,,
,,5ea1965fc546e204bb568292,,male,2024-04-24_12h31.48.743,stockport_simplified,2022.2.4,Win32,60.24096386,661e456ee6de07e70aa9ef7b,6628df89b8160f08a3f675cd,,,,,,,,,,,,,,,,,,,,,,,,,,,,,,,,,,171.5239,173.4228,"[5,1,8,7,3,4,6,2]","[[0.3,0.2],[-0.3,0.2]]","[[-0.125,-0.2],[0.125,-0.2]]",-0.076851809,-0.238888917,1,0,0,1.3827,o1_image,173.4236,1,173.923,173.9231,175.923,0,0,0,0,1,,,,,,,,,,,,,,,,,,,,,,,,,,,,,,,,,,,,,,,,,,,,,,,,,,
,,5ea1965fc546e204bb568292,,male,2024-04-24_12h31.48.743,stockport_simplified,2022.2.4,Win32,60.24096386,661e456ee6de07e70aa9ef7b,6628df89b8160f08a3f675cd,,,,,,,,,,,,,,,,,,,,,,,,,,,,,,,,,,,,,,,,,,,,,,,,,,,,,,,,0,24,24,36,1,A,Y,N,o1_image,stimuli/out1.png,stimuli/correct_out1.png,stimuli/out2.png,,,,,,,,,,,,,,,,,,,,,,,,,,,,,,,,,,,,,,
,,5ea1965fc546e204bb568292,,male,2024-04-24_12h31.48.743,stockport_simplified,2022.2.4,Win32,60.24096386,661e456ee6de07e70aa9ef7b,6628df89b8160f08a3f675cd,,,,,,,,,,,,,,,,,,,,,,,,,,,,,,,,,,175.9236,177.5225,"[5,1,8,7,3,4,6,2]","[[0.3,0.2],[-0.3,0.2]]","[[0.125,-0.2],[-0.125,-0.2]]",0.099074116,-0.198148162,1,0,0,1.0764,o1_image,177.5232,0,178.0232,178.0233,180.0226,0,0,0,0,1,,,,,,,,,,,,,,,,,,,,,,,,,,,,,,,,,,,,,,,,,,,,,,,,,,
,,5ea1965fc546e204bb568292,,male,2024-04-24_12h31.48.743,stockport_simplified,2022.2.4,Win32,60.24096386,661e456ee6de07e70aa9ef7b,6628df89b8160f08a3f675cd,,,,,,,,,,,,,,,,,,,,,,,,,,,,,,,,,,,,,,,,,,,,,,,,,,,,,,,,0,25,25,15,1,B,Y,N,o2_image,stimuli/out2.png,stimuli/out1.png,stimuli/correct_out2.png,,,,,,,,,,,,,,,,,,,,,,,,,,,,,,,,,,,,,,
,,5ea1965fc546e204bb568292,,male,2024-04-24_12h31.48.743,stockport_simplified,2022.2.4,Win32,60.24096386,661e456ee6de07e70aa9ef7b,6628df89b8160f08a3f675cd,,,,,,,,,,,,,,,,,,,,,,,,,,,,,,,,,,180.0231,182.1466,"[5,1,8,7,3,4,6,2]","[[0.3,0.2],[-0.3,0.2]]","[[0.125,-0.2],[-0.125,-0.2]]",0.07222225,-0.158333319,1,0,0,1.6007,o1_image,182.1469,1,182.6395,182.6396,184.6393,0,0,0,0,1,,,,,,,,,,,,,,,,,,,,,,,,,,,,,,,,,,,,,,,,,,,,,,,,,,
,,5ea1965fc546e204bb568292,,male,2024-04-24_12h31.48.743,stockport_simplified,2022.2.4,Win32,60.24096386,661e456ee6de07e70aa9ef7b,6628df89b8160f08a3f675cd,,,,,,,,,,,,,,,,,,,,,,,,,,,,,,,,,,,,,,,,,,,,,,,,,,,,,,,,0,26,26,39,1,A,Y,N,o1_image,stimuli/out1.png,stimuli/correct_out1.png,stimuli/out2.png,,,,,,,,,,,,,,,,,,,,,,,,,,,,,,,,,,,,,,
,,5ea1965fc546e204bb568292,,male,2024-04-24_12h31.48.743,stockport_simplified,2022.2.4,Win32,60.24096386,661e456ee6de07e70aa9ef7b,6628df89b8160f08a3f675cd,,,,,,,,,,,,,,,,,,,,,,,,,,,,,,,,,,184.6398,185.8963,"[5,1,8,7,3,4,6,2]","[[0.3,0.2],[-0.3,0.2]]","[[-0.125,-0.2],[0.125,-0.2]]",-0.070370356,-0.160185213,1,0,0,0.7388,o1_image,185.8967,0,186.3887,186.3888,188.3889,0,0,0,0,1,,,,,,,,,,,,,,,,,,,,,,,,,,,,,,,,,,,,,,,,,,,,,,,,,,
,,5ea1965fc546e204bb568292,,male,2024-04-24_12h31.48.743,stockport_simplified,2022.2.4,Win32,60.24096386,661e456ee6de07e70aa9ef7b,6628df89b8160f08a3f675cd,,,,,,,,,,,,,,,,,,,,,,,,,,,,,,,,,,,,,,,,,,,,,,,,,,,,,,,,0,27,27,49,1,B,Y,N,o2_image,stimuli/out2.png,stimuli/out1.png,stimuli/correct_out2.png,,,,,,,,,,,,,,,,,,,,,,,,,,,,,,,,,,,,,,
,,5ea1965fc546e204bb568292,,male,2024-04-24_12h31.48.743,stockport_simplified,2022.2.4,Win32,60.24096386,661e456ee6de07e70aa9ef7b,6628df89b8160f08a3f675cd,,,,,,,,,,,,,,,,,,,,,,,,,,,,,,,,,,188.3895,189.5465,"[5,1,8,7,3,4,6,2]","[[0.3,0.2],[-0.3,0.2]]","[[-0.125,-0.2],[0.125,-0.2]]",0.070370356,-0.172222208,1,0,0,0.6411,o2_image,189.5472,1,190.039,190.0391,192.0386,0,0,0,0,1,,,,,,,,,,,,,,,,,,,,,,,,,,,,,,,,,,,,,,,,,,,,,,,,,,
,,5ea1965fc546e204bb568292,,male,2024-04-24_12h31.48.743,stockport_simplified,2022.2.4,Win32,60.24096386,661e456ee6de07e70aa9ef7b,6628df89b8160f08a3f675cd,,,,,,,,,,,,,,,,,,,,,,,,,,,,,,,,,,,,,,,,,,,,,,,,,,,,,,,,0,28,28,18,1,B,Y,N,o2_image,stimuli/out2.png,stimuli/out1.png,stimuli/correct_out2.png,,,,,,,,,,,,,,,,,,,,,,,,,,,,,,,,,,,,,,
,,5ea1965fc546e204bb568292,,male,2024-04-24_12h31.48.743,stockport_simplified,2022.2.4,Win32,60.24096386,661e456ee6de07e70aa9ef7b,6628df89b8160f08a3f675cd,,,,,,,,,,,,,,,,,,,,,,,,,,,,,,,,,,192.0392,192.9723,"[5,1,8,7,3,4,6,2]","[[-0.3,0.2],[0.3,0.2]]","[[-0.125,-0.2],[0.125,-0.2]]",0.070370356,-0.172222208,1,0,0,0.4168,o2_image,192.9729,1,193.4622,193.4622,195.4552,0,0,0,0,1,,,,,,,,,,,,,,,,,,,,,,,,,,,,,,,,,,,,,,,,,,,,,,,,,,
,,5ea1965fc546e204bb568292,,male,2024-04-24_12h31.48.743,stockport_simplified,2022.2.4,Win32,60.24096386,661e456ee6de07e70aa9ef7b,6628df89b8160f08a3f675cd,,,,,,,,,,,,,,,,,,,,,,,,,,,,,,,,,,,,,,,,,,,,,,,,,,,,,,,,0,29,29,16,1,B,Y,N,o2_image,stimuli/out2.png,stimuli/out1.png,stimuli/correct_out2.png,,,,,,,,,,,,,,,,,,,,,,,,,,,,,,,,,,,,,,
,,5ea1965fc546e204bb568292,,male,2024-04-24_12h31.48.743,stockport_simplified,2022.2.4,Win32,60.24096386,661e456ee6de07e70aa9ef7b,6628df89b8160f08a3f675cd,,,,,,,,,,,,,,,,,,,,,,,,,,,,,,,,,,195.4556,197.7549,"[5,1,8,7,3,4,6,2]","[[0.3,0.2],[-0.3,0.2]]","[[-0.125,-0.2],[0.125,-0.2]]",0.071296339,-0.172222208,1,0,0,1.7821,o2_image,197.7559,0,198.2461,198.2461,200.2382,0,0,0,0,1,,,,,,,,,,,,,,,,,,,,,,,,,,,,,,,,,,,,,,,,,,,,,,,,,,
,,5ea1965fc546e204bb568292,,male,2024-04-24_12h31.48.743,stockport_simplified,2022.2.4,Win32,60.24096386,661e456ee6de07e70aa9ef7b,6628df89b8160f08a3f675cd,,,,,,,,,,,,,,,,,,,,,,,,,,,,,,,,,,,,,,,,,,,,,,,,,,,,,,,,0,30,30,23,1,N,M,C,o1_image,stimuli/out1.png,stimuli/correct_out1.png,stimuli/out2.png,,,,,,,,,,,,,,,,,,,,,,,,,,,,,,,,,,,,,,
,,5ea1965fc546e204bb568292,,male,2024-04-24_12h31.48.743,stockport_simplified,2022.2.4,Win32,60.24096386,661e456ee6de07e70aa9ef7b,6628df89b8160f08a3f675cd,,,,,,,,,,,,,,,,,,,,,,,,,,,,,,,,,,200.2387,201.5381,"[5,1,8,7,3,4,6,2]","[[0.3,0.2],[-0.3,0.2]]","[[-0.125,-0.2],[0.125,-0.2]]",-0.054629644,-0.189814815,1,0,0,0.7833,o1_image,201.5391,1,202.0382,202.0383,204.0378,0,0,0,0,1,,,,,,,,,,,,,,,,,,,,,,,,,,,,,,,,,,,,,,,,,,,,,,,,,,
,,5ea1965fc546e204bb568292,,male,2024-04-24_12h31.48.743,stockport_simplified,2022.2.4,Win32,60.24096386,661e456ee6de07e70aa9ef7b,6628df89b8160f08a3f675cd,,,,,,,,,,,,,,,,,,,,,,,,,,,,,,,,,,,,,,,,,,,,,,,,,,,,,,,,0,31,31,53,1,N,M,C,o1_image,stimuli/out1.png,stimuli/correct_out1.png,stimuli/out2.png,,,,,,,,,,,,,,,,,,,,,,,,,,,,,,,,,,,,,,
,,5ea1965fc546e204bb568292,,male,2024-04-24_12h31.48.743,stockport_simplified,2022.2.4,Win32,60.24096386,661e456ee6de07e70aa9ef7b,6628df89b8160f08a3f675cd,,,,,,,,,,,,,,,,,,,,,,,,,,,,,,,,,,204.0384,205.1544,"[5,1,8,7,3,4,6,2]","[[-0.3,0.2],[0.3,0.2]]","[[-0.125,-0.2],[0.125,-0.2]]",-0.062962921,-0.199074074,1,0,0,0.5986,o1_image,205.1552,0,205.6549,205.655,207.6448,0,0,0,0,1,,,,,,,,,,,,,,,,,,,,,,,,,,,,,,,,,,,,,,,,,,,,,,,,,,
,,5ea1965fc546e204bb568292,,male,2024-04-24_12h31.48.743,stockport_simplified,2022.2.4,Win32,60.24096386,661e456ee6de07e70aa9ef7b,6628df89b8160f08a3f675cd,,,,,,,,,,,,,,,,,,,,,,,,,,,,,,,,,,,,,,,,,,,,,,,,,,,,,,,,0,32,32,27,1,N,M,D,o2_image,stimuli/out2.png,stimuli/out1.png,stimuli/correct_out2.png,,,,,,,,,,,,,,,,,,,,,,,,,,,,,,,,,,,,,,
,,5ea1965fc546e204bb568292,,male,2024-04-24_12h31.48.743,stockport_simplified,2022.2.4,Win32,60.24096386,661e456ee6de07e70aa9ef7b,6628df89b8160f08a3f675cd,,,,,,,,,,,,,,,,,,,,,,,,,,,,,,,,,,207.6451,208.4783,"[5,1,8,7,3,4,6,2]","[[-0.3,0.2],[0.3,0.2]]","[[-0.125,-0.2],[0.125,-0.2]]",0.085185228,-0.202777792,1,0,0,0.323,o2_image,208.4791,0,208.9711,208.9712,210.9712,0,0,0,0,1,,,,,,,,,,,,,,,,,,,,,,,,,,,,,,,,,,,,,,,,,,,,,,,,,,
,,5ea1965fc546e204bb568292,,male,2024-04-24_12h31.48.743,stockport_simplified,2022.2.4,Win32,60.24096386,661e456ee6de07e70aa9ef7b,6628df89b8160f08a3f675cd,,,,,,,,,,,,,,,,,,,,,,,,,,,,,,,,,,,,,,,,,,,,,,,,,,,,,,,,0,33,33,24,1,N,M,C,o1_image,stimuli/out1.png,stimuli/correct_out1.png,stimuli/out2.png,,,,,,,,,,,,,,,,,,,,,,,,,,,,,,,,,,,,,,
,,5ea1965fc546e204bb568292,,male,2024-04-24_12h31.48.743,stockport_simplified,2022.2.4,Win32,60.24096386,661e456ee6de07e70aa9ef7b,6628df89b8160f08a3f675cd,,,,,,,,,,,,,,,,,,,,,,,,,,,,,,,,,,210.9719,213.7374,"[5,1,8,7,3,4,6,2]","[[0.3,0.2],[-0.3,0.2]]","[[0.125,-0.2],[-0.125,-0.2]]",0.132407436,-0.205555598,1,0,0,2.2487,o1_image,213.7383,0,214.2372,214.2373,216.2372,0,0,0,0,1,,,,,,,,,,,,,,,,,,,,,,,,,,,,,,,,,,,,,,,,,,,,,,,,,,
,,5ea1965fc546e204bb568292,,male,2024-04-24_12h31.48.743,stockport_simplified,2022.2.4,Win32,60.24096386,661e456ee6de07e70aa9ef7b,6628df89b8160f08a3f675cd,,,,,,,,,,,,,,,,,,,,,,,,,,,,,,,,,,,,,,,,,,,,,,,,,,,,,,,,0,34,34,12,1,B,X,N,o2_image,stimuli/out2.png,stimuli/out1.png,stimuli/correct_out2.png,,,,,,,,,,,,,,,,,,,,,,,,,,,,,,,,,,,,,,
,,5ea1965fc546e204bb568292,,male,2024-04-24_12h31.48.743,stockport_simplified,2022.2.4,Win32,60.24096386,661e456ee6de07e70aa9ef7b,6628df89b8160f08a3f675cd,,,,,,,,,,,,,,,,,,,,,,,,,,,,,,,,,,216.2379,218.4538,"[5,1,8,7,3,4,6,2]","[[-0.3,0.2],[0.3,0.2]]","[[0.125,-0.2],[-0.125,-0.2]]",0.121296282,-0.205555598,1,0,0,1.6989,o1_image,218.4545,0,218.9535,218.9535,220.9535,0,0,0,0,1,,,,,,,,,,,,,,,,,,,,,,,,,,,,,,,,,,,,,,,,,,,,,,,,,,
,,5ea1965fc546e204bb568292,,male,2024-04-24_12h31.48.743,stockport_simplified,2022.2.4,Win32,60.24096386,661e456ee6de07e70aa9ef7b,6628df89b8160f08a3f675cd,,,,,,,,,,,,,,,,,,,,,,,,,,,,,,,,,,,,,,,,,,,,,,,,,,,,,,,,0,35,35,56,1,N,M,D,o2_image,stimuli/out2.png,stimuli/out1.png,stimuli/correct_out2.png,,,,,,,,,,,,,,,,,,,,,,,,,,,,,,,,,,,,,,
,,5ea1965fc546e204bb568292,,male,2024-04-24_12h31.48.743,stockport_simplified,2022.2.4,Win32,60.24096386,661e456ee6de07e70aa9ef7b,6628df89b8160f08a3f675cd,,,,,,,,,,,,,,,,,,,,,,,,,,,,,,,,,,220.9541,223.0198,"[5,1,8,7,3,4,6,2]","[[0.3,0.2],[-0.3,0.2]]","[[-0.125,-0.2],[0.125,-0.2]]",0.093518504,-0.188888903,1,0,0,1.5486,o2_image,223.0206,1,223.5273,223.5273,225.52,0,0,0,0,1,,,,,,,,,,,,,,,,,,,,,,,,,,,,,,,,,,,,,,,,,,,,,,,,,,
,,5ea1965fc546e204bb568292,,male,2024-04-24_12h31.48.743,stockport_simplified,2022.2.4,Win32,60.24096386,661e456ee6de07e70aa9ef7b,6628df89b8160f08a3f675cd,,,,,,,,,,,,,,,,,,,,,,,,,,,,,,,,,,,,,,,,,,,,,,,,,,,,,,,,0,36,36,44,1,B,X,N,o2_image,stimuli/out2.png,stimuli/out1.png,stimuli/correct_out2.png,,,,,,,,,,,,,,,,,,,,,,,,,,,,,,,,,,,,,,
,,5ea1965fc546e204bb568292,,male,2024-04-24_12h31.48.743,stockport_simplified,2022.2.4,Win32,60.24096386,661e456ee6de07e70aa9ef7b,6628df89b8160f08a3f675cd,,,,,,,,,,,,,,,,,,,,,,,,,,,,,,,,,,225.5207,227.5366,"[5,1,8,7,3,4,6,2]","[[-0.3,0.2],[0.3,0.2]]","[[-0.125,-0.2],[0.125,-0.2]]",0.136111153,-0.202777792,1,0,0,1.4931,o2_image,227.5374,0,228.0371,228.0372,230.0371,0,0,0,0,1,,,,,,,,,,,,,,,,,,,,,,,,,,,,,,,,,,,,,,,,,,,,,,,,,,
,,5ea1965fc546e204bb568292,,male,2024-04-24_12h31.48.743,stockport_simplified,2022.2.4,Win32,60.24096386,661e456ee6de07e70aa9ef7b,6628df89b8160f08a3f675cd,,,,,,,,,,,,,,,,,,,,,,,,,,,,,,,,,,,,,,,,,,,,,,,,,,,,,,,,0,37,37,6,1,A,Y,N,o1_image,stimuli/out1.png,stimuli/correct_out1.png,stimuli/out2.png,,,,,,,,,,,,,,,,,,,,,,,,,,,,,,,,,,,,,,
,,5ea1965fc546e204bb568292,,male,2024-04-24_12h31.48.743,stockport_simplified,2022.2.4,Win32,60.24096386,661e456ee6de07e70aa9ef7b,6628df89b8160f08a3f675cd,,,,,,,,,,,,,,,,,,,,,,,,,,,,,,,,,,230.0373,231.8197,"[5,1,8,7,3,4,6,2]","[[0.3,0.2],[-0.3,0.2]]","[[-0.125,-0.2],[0.125,-0.2]]",0.111111111,-0.175925926,1,0,0,1.26,o2_image,231.8205,0,232.3102,232.3103,234.3029,0,0,0,0,1,,,,,,,,,,,,,,,,,,,,,,,,,,,,,,,,,,,,,,,,,,,,,,,,,,
,,5ea1965fc546e204bb568292,,male,2024-04-24_12h31.48.743,stockport_simplified,2022.2.4,Win32,60.24096386,661e456ee6de07e70aa9ef7b,6628df89b8160f08a3f675cd,,,,,,,,,,,,,,,,,,,,,,,,,,,,,,,,,,,,,,,,,,,,,,,,,,,,,,,,0,38,38,7,1,A,Y,N,o1_image,stimuli/out1.png,stimuli/correct_out1.png,stimuli/out2.png,,,,,,,,,,,,,,,,,,,,,,,,,,,,,,,,,,,,,,
,,5ea1965fc546e204bb568292,,male,2024-04-24_12h31.48.743,stockport_simplified,2022.2.4,Win32,60.24096386,661e456ee6de07e70aa9ef7b,6628df89b8160f08a3f675cd,,,,,,,,,,,,,,,,,,,,,,,,,,,,,,,,,,234.3036,237.0863,"[5,1,8,7,3,4,6,2]","[[-0.3,0.2],[0.3,0.2]]","[[0.125,-0.2],[-0.125,-0.2]]",-0.106481481,-0.216666681,1,0,0,2.2657,o2_image,237.087,1,237.5866,237.5866,239.5865,0,0,0,0,1,,,,,,,,,,,,,,,,,,,,,,,,,,,,,,,,,,,,,,,,,,,,,,,,,,
,,5ea1965fc546e204bb568292,,male,2024-04-24_12h31.48.743,stockport_simplified,2022.2.4,Win32,60.24096386,661e456ee6de07e70aa9ef7b,6628df89b8160f08a3f675cd,,,,,,,,,,,,,,,,,,,,,,,,,,,,,,,,,,,,,,,,,,,,,,,,,,,,,,,,0,39,39,17,1,B,Y,N,o2_image,stimuli/out2.png,stimuli/out1.png,stimuli/correct_out2.png,,,,,,,,,,,,,,,,,,,,,,,,,,,,,,,,,,,,,,
,,5ea1965fc546e204bb568292,,male,2024-04-24_12h31.48.743,stockport_simplified,2022.2.4,Win32,60.24096386,661e456ee6de07e70aa9ef7b,6628df89b8160f08a3f675cd,,,,,,,,,,,,,,,,,,,,,,,,,,,,,,,,,,239.587,241.0267,"[5,1,8,7,3,4,6,2]","[[0.3,0.2],[-0.3,0.2]]","[[0.125,-0.2],[-0.125,-0.2]]",-0.103703675,-0.218518504,1,0,0,0.9235,o2_image,241.0272,0,241.5264,241.5264,243.5196,0,0,0,0,1,,,,,,,,,,,,,,,,,,,,,,,,,,,,,,,,,,,,,,,,,,,,,,,,,,
,,5ea1965fc546e204bb568292,,male,2024-04-24_12h31.48.743,stockport_simplified,2022.2.4,Win32,60.24096386,661e456ee6de07e70aa9ef7b,6628df89b8160f08a3f675cd,,,,,,,,,,,,,,,,,,,,,,,,,,,,,,,,,,,,,,,,,,,,,,,,,,,,,,,,0,40,40,9,1,A,Y,N,o1_image,stimuli/out1.png,stimuli/correct_out1.png,stimuli/out2.png,,,,,,,,,,,,,,,,,,,,,,,,,,,,,,,,,,,,,,
,,5ea1965fc546e204bb568292,,male,2024-04-24_12h31.48.743,stockport_simplified,2022.2.4,Win32,60.24096386,661e456ee6de07e70aa9ef7b,6628df89b8160f08a3f675cd,,,,,,,,,,,,,,,,,,,,,,,,,,,,,,,,,,243.52,245.1023,"[5,1,8,7,3,4,6,2]","[[-0.3,0.2],[0.3,0.2]]","[[-0.125,-0.2],[0.125,-0.2]]",0.07222225,-0.19722225,1,0,0,1.0655,o2_image,245.103,1,245.6022,245.6023,247.6022,0,0,0,0,1,,,,,,,,,,,,,,,,,,,,,,,,,,,,,,,,,,,,,,,,,,,,,,,,,,
,,5ea1965fc546e204bb568292,,male,2024-04-24_12h31.48.743,stockport_simplified,2022.2.4,Win32,60.24096386,661e456ee6de07e70aa9ef7b,6628df89b8160f08a3f675cd,,,,,,,,,,,,,,,,,,,,,,,,,,,,,,,,,,,,,,,,,,,,,,,,,,,,,,,,0,41,41,40,1,B,X,N,o2_image,stimuli/out2.png,stimuli/out1.png,stimuli/correct_out2.png,,,,,,,,,,,,,,,,,,,,,,,,,,,,,,,,,,,,,,
,,5ea1965fc546e204bb568292,,male,2024-04-24_12h31.48.743,stockport_simplified,2022.2.4,Win32,60.24096386,661e456ee6de07e70aa9ef7b,6628df89b8160f08a3f675cd,,,,,,,,,,,,,,,,,,,,,,,,,,,,,,,,,,247.6029,249.9355,"[5,1,8,7,3,4,6,2]","[[0.3,0.2],[-0.3,0.2]]","[[0.125,-0.2],[-0.125,-0.2]]",0.104629658,-0.222222222,1,0,0,1.816,o1_image,249.9362,0,250.4361,250.4361,252.4255,0,0,0,0,1,,,,,,,,,,,,,,,,,,,,,,,,,,,,,,,,,,,,,,,,,,,,,,,,,,
,,5ea1965fc546e204bb568292,,male,2024-04-24_12h31.48.743,stockport_simplified,2022.2.4,Win32,60.24096386,661e456ee6de07e70aa9ef7b,6628df89b8160f08a3f675cd,,,,,,,,,,,,,,,,,,,,,,,,,,,,,,,,,,,,,,,,,,,,,,,,,,,,,,,,0,42,42,10,1,B,X,N,o2_image,stimuli/out2.png,stimuli/out1.png,stimuli/correct_out2.png,,,,,,,,,,,,,,,,,,,,,,,,,,,,,,,,,,,,,,
,,5ea1965fc546e204bb568292,,male,2024-04-24_12h31.48.743,stockport_simplified,2022.2.4,Win32,60.24096386,661e456ee6de07e70aa9ef7b,6628df89b8160f08a3f675cd,,,,,,,,,,,,,,,,,,,,,,,,,,,,,,,,,,252.4256,254.5851,"[5,1,8,7,3,4,6,2]","[[0.3,0.2],[-0.3,0.2]]","[[0.125,-0.2],[-0.125,-0.2]]",0.133333347,-0.234259288,1,0,0,1.6488,o1_image,254.5857,0,255.0854,255.0856,257.085,0,0,0,0,1,,,,,,,,,,,,,,,,,,,,,,,,,,,,,,,,,,,,,,,,,,,,,,,,,,
,,5ea1965fc546e204bb568292,,male,2024-04-24_12h31.48.743,stockport_simplified,2022.2.4,Win32,60.24096386,661e456ee6de07e70aa9ef7b,6628df89b8160f08a3f675cd,,,,,,,,,,,,,,,,,,,,,,,,,,,,,,,,,,,,,,,,,,,,,,,,,,,,,,,,0,43,43,45,1,B,Y,N,o2_image,stimuli/out2.png,stimuli/out1.png,stimuli/correct_out2.png,,,,,,,,,,,,,,,,,,,,,,,,,,,,,,,,,,,,,,
,,5ea1965fc546e204bb568292,,male,2024-04-24_12h31.48.743,stockport_simplified,2022.2.4,Win32,60.24096386,661e456ee6de07e70aa9ef7b,6628df89b8160f08a3f675cd,,,,,,,,,,,,,,,,,,,,,,,,,,,,,,,,,,257.0857,260.6847,"[5,1,8,7,3,4,6,2]","[[0.3,0.2],[-0.3,0.2]]","[[-0.125,-0.2],[0.125,-0.2]]",0.043518561,-0.208333333,1,0,0,2.3557,o1_image,260.6902,1,261.185,261.185,263.1751,0,0,0,0,1,,,,,,,,,,,,,,,,,,,,,,,,,,,,,,,,,,,,,,,,,,,,,,,,,,
,,5ea1965fc546e204bb568292,,male,2024-04-24_12h31.48.743,stockport_simplified,2022.2.4,Win32,60.24096386,661e456ee6de07e70aa9ef7b,6628df89b8160f08a3f675cd,,,,,,,,,,,,,,,,,,,,,,,,,,,,,,,,,,,,,,,,,,,,,,,,,,,,,,,,0,44,44,50,1,N,M,C,o1_image,stimuli/out1.png,stimuli/correct_out1.png,stimuli/out2.png,,,,,,,,,,,,,,,,,,,,,,,,,,,,,,,,,,,,,,
,,5ea1965fc546e204bb568292,,male,2024-04-24_12h31.48.743,stockport_simplified,2022.2.4,Win32,60.24096386,661e456ee6de07e70aa9ef7b,6628df89b8160f08a3f675cd,,,,,,,,,,,,,,,,,,,,,,,,,,,,,,,,,,263.1753,265.3013,"[5,1,8,7,3,4,6,2]","[[-0.3,0.2],[0.3,0.2]]","[[0.125,-0.2],[-0.125,-0.2]]",0.061111097,-0.214814857,1,0,0,1.6155,o1_image,265.3021,0,265.8018,265.8019,267.7915,0,0,0,0,1,,,,,,,,,,,,,,,,,,,,,,,,,,,,,,,,,,,,,,,,,,,,,,,,,,
,,5ea1965fc546e204bb568292,,male,2024-04-24_12h31.48.743,stockport_simplified,2022.2.4,Win32,60.24096386,661e456ee6de07e70aa9ef7b,6628df89b8160f08a3f675cd,,,,,,,,,,,,,,,,,,,,,,,,,,,,,,,,,,,,,,,,,,,,,,,,,,,,,,,,0,45,45,13,1,B,X,N,o2_image,stimuli/out2.png,stimuli/out1.png,stimuli/correct_out2.png,,,,,,,,,,,,,,,,,,,,,,,,,,,,,,,,,,,,,,
,,5ea1965fc546e204bb568292,,male,2024-04-24_12h31.48.743,stockport_simplified,2022.2.4,Win32,60.24096386,661e456ee6de07e70aa9ef7b,6628df89b8160f08a3f675cd,,,,,,,,,,,,,,,,,,,,,,,,,,,,,,,,,,267.7917,270.0676,"[5,1,8,7,3,4,6,2]","[[0.3,0.2],[-0.3,0.2]]","[[-0.125,-0.2],[0.125,-0.2]]",-0.089814787,-0.208333333,1,0,0,1.7656,o1_image,270.0686,1,270.5758,270.5758,272.5677,0,0,0,0,1,,,,,,,,,,,,,,,,,,,,,,,,,,,,,,,,,,,,,,,,,,,,,,,,,,
,,5ea1965fc546e204bb568292,,male,2024-04-24_12h31.48.743,stockport_simplified,2022.2.4,Win32,60.24096386,661e456ee6de07e70aa9ef7b,6628df89b8160f08a3f675cd,,,,,,,,,,,,,,,,,,,,,,,,,,,,,,,,,,,,,,,,,,,,,,,,,,,,,,,,0,46,46,51,1,N,M,C,o1_image,stimuli/out1.png,stimuli/correct_out1.png,stimuli/out2.png,,,,,,,,,,,,,,,,,,,,,,,,,,,,,,,,,,,,,,
,,5ea1965fc546e204bb568292,,male,2024-04-24_12h31.48.743,stockport_simplified,2022.2.4,Win32,60.24096386,661e456ee6de07e70aa9ef7b,6628df89b8160f08a3f675cd,,,,,,,,,,,,,,,,,,,,,,,,,,,,,,,,,,272.5684,274.6508,"[5,1,8,7,3,4,6,2]","[[0.3,0.2],[-0.3,0.2]]","[[-0.125,-0.2],[0.125,-0.2]]",0.085185228,-0.202777792,1,0,0,1.5659,o2_image,274.6516,1,275.1415,275.1415,277.134,0,0,0,0,1,,,,,,,,,,,,,,,,,,,,,,,,,,,,,,,,,,,,,,,,,,,,,,,,,,
,,5ea1965fc546e204bb568292,,male,2024-04-24_12h31.48.743,stockport_simplified,2022.2.4,Win32,60.24096386,661e456ee6de07e70aa9ef7b,6628df89b8160f08a3f675cd,,,,,,,,,,,,,,,,,,,,,,,,,,,,,,,,,,,,,,,,,,,,,,,,,,,,,,,,0,47,47,58,1,N,M,D,o2_image,stimuli/out2.png,stimuli/out1.png,stimuli/correct_out2.png,,,,,,,,,,,,,,,,,,,,,,,,,,,,,,,,,,,,,,
,,5ea1965fc546e204bb568292,,male,2024-04-24_12h31.48.743,stockport_simplified,2022.2.4,Win32,60.24096386,661e456ee6de07e70aa9ef7b,6628df89b8160f08a3f675cd,,,,,,,,,,,,,,,,,,,,,,,,,,,,,,,,,,277.1347,279.1905,"[5,1,8,7,3,4,6,2]","[[0.3,0.2],[-0.3,0.2]]","[[-0.125,-0.2],[0.125,-0.2]]",0.094444487,-0.253703718,1,0,0,1.5392,o2_image,279.1909,0,279.6911,279.6912,281.6842,0,0,0,0,1,,,,,,,,,,,,,,,,,,,,,,,,,,,,,,,,,,,,,,,,,,,,,,,,,,
,,5ea1965fc546e204bb568292,,male,2024-04-24_12h31.48.743,stockport_simplified,2022.2.4,Win32,60.24096386,661e456ee6de07e70aa9ef7b,6628df89b8160f08a3f675cd,,,,,,,,,,,,,,,,,,,,,,,,,,,,,,,,,,,,,,,,,,,,,,,,,,,,,,,,0,48,48,8,1,A,Y,N,o1_image,stimuli/out1.png,stimuli/correct_out1.png,stimuli/out2.png,,,,,,,,,,,,,,,,,,,,,,,,,,,,,,,,,,,,,,
,,5ea1965fc546e204bb568292,,male,2024-04-24_12h31.48.743,stockport_simplified,2022.2.4,Win32,60.24096386,661e456ee6de07e70aa9ef7b,6628df89b8160f08a3f675cd,,,,,,,,,,,,,,,,,,,,,,,,,,,,,,,,,,281.6847,283.8502,"[5,1,8,7,3,4,6,2]","[[0.3,0.2],[-0.3,0.2]]","[[-0.125,-0.2],[0.125,-0.2]]",0.092592593,-0.203703704,1,0,0,1.6431,o2_image,283.8511,1,284.35,284.35,286.3508,0,0,0,0,1,,,,,,,,,,,,,,,,,,,,,,,,,,,,,,,,,,,,,,,,,,,,,,,,,,
,,5ea1965fc546e204bb568292,,male,2024-04-24_12h31.48.743,stockport_simplified,2022.2.4,Win32,60.24096386,661e456ee6de07e70aa9ef7b,6628df89b8160f08a3f675cd,,,,,,,,,,,,,,,,,,,,,,,,,,,,,,,,,,,,,,,,,,,,,,,,,,,,,,,,0,49,49,25,1,N,M,D,o2_image,stimuli/out2.png,stimuli/out1.png,stimuli/correct_out2.png,,,,,,,,,,,,,,,,,,,,,,,,,,,,,,,,,,,,,,
,,5ea1965fc546e204bb568292,,male,2024-04-24_12h31.48.743,stockport_simplified,2022.2.4,Win32,60.24096386,661e456ee6de07e70aa9ef7b,6628df89b8160f08a3f675cd,,,,,,,,,,,,,,,,,,,,,,,,,,,,,,,,,,286.3513,289.5074,"[5,1,8,7,3,4,6,2]","[[-0.3,0.2],[0.3,0.2]]","[[0.125,-0.2],[-0.125,-0.2]]",-0.098148134,-0.213888875,1,0,0,2.6399,o2_image,289.5078,0,290.0006,290.0007,292.0006,0,0,0,0,1,,,,,,,,,,,,,,,,,,,,,,,,,,,,,,,,,,,,,,,,,,,,,,,,,,
,,5ea1965fc546e204bb568292,,male,2024-04-24_12h31.48.743,stockport_simplified,2022.2.4,Win32,60.24096386,661e456ee6de07e70aa9ef7b,6628df89b8160f08a3f675cd,,,,,,,,,,,,,,,,,,,,,,,,,,,,,,,,,,,,,,,,,,,,,,,,,,,,,,,,0,50,50,30,1,A,X,N,o1_image,stimuli/out1.png,stimuli/correct_out1.png,stimuli/out2.png,,,,,,,,,,,,,,,,,,,,,,,,,,,,,,,,,,,,,,
,,5ea1965fc546e204bb568292,,male,2024-04-24_12h31.48.743,stockport_simplified,2022.2.4,Win32,60.24096386,661e456ee6de07e70aa9ef7b,6628df89b8160f08a3f675cd,,,,,,,,,,,,,,,,,,,,,,,,,,,,,,,,,,292.001,295.6331,"[5,1,8,7,3,4,6,2]","[[-0.3,0.2],[0.3,0.2]]","[[0.125,-0.2],[-0.125,-0.2]]",-0.093518504,-0.22129631,1,0,0,3.1157,o2_image,295.6385,0,296.1334,296.1334,298.1333,0,0,0,0,1,,,,,,,,,,,,,,,,,,,,,,,,,,,,,,,,,,,,,,,,,,,,,,,,,,
,,5ea1965fc546e204bb568292,,male,2024-04-24_12h31.48.743,stockport_simplified,2022.2.4,Win32,60.24096386,661e456ee6de07e70aa9ef7b,6628df89b8160f08a3f675cd,,,,,,,,,,,,,,,,,,,,,,,,,,,,,,,,,,,,,,,,,,,,,,,,,,,,,,,,0,51,51,37,1,A,Y,N,o1_image,stimuli/out1.png,stimuli/correct_out1.png,stimuli/out2.png,,,,,,,,,,,,,,,,,,,,,,,,,,,,,,,,,,,,,,
,,5ea1965fc546e204bb568292,,male,2024-04-24_12h31.48.743,stockport_simplified,2022.2.4,Win32,60.24096386,661e456ee6de07e70aa9ef7b,6628df89b8160f08a3f675cd,,,,,,,,,,,,,,,,,,,,,,,,,,,,,,,,,,298.1338,300.099,"[5,1,8,7,3,4,6,2]","[[0.3,0.2],[-0.3,0.2]]","[[0.125,-0.2],[-0.125,-0.2]]",0.125,-0.207407422,1,0,0,1.4488,o1_image,300.0995,1,300.5999,300.6,302.5999,0,0,0,0,1,,,,,,,,,,,,,,,,,,,,,,,,,,,,,,,,,,,,,,,,,,,,,,,,,,
,,5ea1965fc546e204bb568292,,male,2024-04-24_12h31.48.743,stockport_simplified,2022.2.4,Win32,60.24096386,661e456ee6de07e70aa9ef7b,6628df89b8160f08a3f675cd,,,,,,,,,,,,,,,,,,,,,,,,,,,,,,,,,,,,,,,,,,,,,,,,,,,,,,,,0,52,52,54,1,N,M,C,o1_image,stimuli/out1.png,stimuli/correct_out1.png,stimuli/out2.png,,,,,,,,,,,,,,,,,,,,,,,,,,,,,,,,,,,,,,
,,5ea1965fc546e204bb568292,,male,2024-04-24_12h31.48.743,stockport_simplified,2022.2.4,Win32,60.24096386,661e456ee6de07e70aa9ef7b,6628df89b8160f08a3f675cd,,,,,,,,,,,,,,,,,,,,,,,,,,,,,,,,,,302.6004,304.3659,"[5,1,8,7,3,4,6,2]","[[0.3,0.2],[-0.3,0.2]]","[[-0.125,-0.2],[0.125,-0.2]]",0.125,-0.207407422,1,0,0,1.2489,o2_image,304.3667,1,304.8663,304.8663,306.8658,0,0,0,0,1,,,,,,,,,,,,,,,,,,,,,,,,,,,,,,,,,,,,,,,,,,,,,,,,,,
,,5ea1965fc546e204bb568292,,male,2024-04-24_12h31.48.743,stockport_simplified,2022.2.4,Win32,60.24096386,661e456ee6de07e70aa9ef7b,6628df89b8160f08a3f675cd,,,,,,,,,,,,,,,,,,,,,,,,,,,,,,,,,,,,,,,,,,,,,,,,,,,,,,,,0,53,53,57,1,N,M,D,o2_image,stimuli/out2.png,stimuli/out1.png,stimuli/correct_out2.png,,,,,,,,,,,,,,,,,,,,,,,,,,,,,,,,,,,,,,
,,5ea1965fc546e204bb568292,,male,2024-04-24_12h31.48.743,stockport_simplified,2022.2.4,Win32,60.24096386,661e456ee6de07e70aa9ef7b,6628df89b8160f08a3f675cd,,,,,,,,,,,,,,,,,,,,,,,,,,,,,,,,,,306.8665,308.2653,"[5,1,8,7,3,4,6,2]","[[0.3,0.2],[-0.3,0.2]]","[[-0.125,-0.2],[0.125,-0.2]]",0.125,-0.207407422,1,0,0,0.8827,o2_image,308.2663,1,308.7656,308.7656,310.766,0,0,0,0,1,,,,,,,,,,,,,,,,,,,,,,,,,,,,,,,,,,,,,,,,,,,,,,,,,,
,,5ea1965fc546e204bb568292,,male,2024-04-24_12h31.48.743,stockport_simplified,2022.2.4,Win32,60.24096386,661e456ee6de07e70aa9ef7b,6628df89b8160f08a3f675cd,,,,,,,,,,,,,,,,,,,,,,,,,,,,,,,,,,,,,,,,,,,,,,,,,,,,,,,,0,54,54,55,1,N,M,D,o2_image,stimuli/out2.png,stimuli/out1.png,stimuli/correct_out2.png,,,,,,,,,,,,,,,,,,,,,,,,,,,,,,,,,,,,,,
,,5ea1965fc546e204bb568292,,male,2024-04-24_12h31.48.743,stockport_simplified,2022.2.4,Win32,60.24096386,661e456ee6de07e70aa9ef7b,6628df89b8160f08a3f675cd,,,,,,,,,,,,,,,,,,,,,,,,,,,,,,,,,,310.7665,312.4822,"[5,1,8,7,3,4,6,2]","[[-0.3,0.2],[0.3,0.2]]","[[0.125,-0.2],[-0.125,-0.2]]",0.125,-0.207407422,1,0,0,1.1939,o1_image,312.4829,1,312.9827,312.9829,314.9827,0,0,0,0,1,,,,,,,,,,,,,,,,,,,,,,,,,,,,,,,,,,,,,,,,,,,,,,,,,,
,,5ea1965fc546e204bb568292,,male,2024-04-24_12h31.48.743,stockport_simplified,2022.2.4,Win32,60.24096386,661e456ee6de07e70aa9ef7b,6628df89b8160f08a3f675cd,,,,,,,,,,,,,,,,,,,,,,,,,,,,,,,,,,,,,,,,,,,,,,,,,,,,,,,,0,55,55,52,1,N,M,C,o1_image,stimuli/out1.png,stimuli/correct_out1.png,stimuli/out2.png,,,,,,,,,,,,,,,,,,,,,,,,,,,,,,,,,,,,,,
,,5ea1965fc546e204bb568292,,male,2024-04-24_12h31.48.743,stockport_simplified,2022.2.4,Win32,60.24096386,661e456ee6de07e70aa9ef7b,6628df89b8160f08a3f675cd,,,,,,,,,,,,,,,,,,,,,,,,,,,,,,,,,,314.9832,317.8986,"[5,1,8,7,3,4,6,2]","[[-0.3,0.2],[0.3,0.2]]","[[0.125,-0.2],[-0.125,-0.2]]",0.125,-0.207407422,1,0,0,2.3991,o1_image,317.8994,0,318.3989,318.3989,320.3988,0,0,0,0,1,,,,,,,,,,,,,,,,,,,,,,,,,,,,,,,,,,,,,,,,,,,,,,,,,,
,,5ea1965fc546e204bb568292,,male,2024-04-24_12h31.48.743,stockport_simplified,2022.2.4,Win32,60.24096386,661e456ee6de07e70aa9ef7b,6628df89b8160f08a3f675cd,,,,,,,,,,,,,,,,,,,,,,,,,,,,,,,,,,,,,,,,,,,,,,,,,,,,,,,,0,56,56,48,1,B,Y,N,o2_image,stimuli/out2.png,stimuli/out1.png,stimuli/correct_out2.png,,,,,,,,,,,,,,,,,,,,,,,,,,,,,,,,,,,,,,
,,5ea1965fc546e204bb568292,,male,2024-04-24_12h31.48.743,stockport_simplified,2022.2.4,Win32,60.24096386,661e456ee6de07e70aa9ef7b,6628df89b8160f08a3f675cd,,,,,,,,,,,,,,,,,,,,,,,,,,,,,,,,,,320.3993,323.7722,"[5,1,8,7,3,4,6,2]","[[0.3,0.2],[-0.3,0.2]]","[[-0.125,-0.2],[0.125,-0.2]]",-0.033333319,-0.211111139,1,0,0,1.8507,o1_image,323.7725,0,324.2721,324.2721,326.2721,0,0,0,0,1,,,,,,,,,,,,,,,,,,,,,,,,,,,,,,,,,,,,,,,,,,,,,,,,,,
,,5ea1965fc546e204bb568292,,male,2024-04-24_12h31.48.743,stockport_simplified,2022.2.4,Win32,60.24096386,661e456ee6de07e70aa9ef7b,6628df89b8160f08a3f675cd,,,,,,,,,,,,,,,,,,,,,,,,,,,,,,,,,,,,,,,,,,,,,,,,,,,,,,,,0,57,57,43,1,B,X,N,o2_image,stimuli/out2.png,stimuli/out1.png,stimuli/correct_out2.png,,,,,,,,,,,,,,,,,,,,,,,,,,,,,,,,,,,,,,
,,5ea1965fc546e204bb568292,,male,2024-04-24_12h31.48.743,stockport_simplified,2022.2.4,Win32,60.24096386,661e456ee6de07e70aa9ef7b,6628df89b8160f08a3f675cd,,,,,,,,,,,,,,,,,,,,,,,,,,,,,,,,,,326.2723,327.9384,"[5,1,8,7,3,4,6,2]","[[-0.3,0.2],[0.3,0.2]]","[[0.125,-0.2],[-0.125,-0.2]]",0.118518547,-0.199999986,1,0,0,1.1565,o1_image,327.9388,1,328.4313,328.4314,330.4312,0,0,0,0,1,,,,,,,,,,,,,,,,,,,,,,,,,,,,,,,,,,,,,,,,,,,,,,,,,,
,,5ea1965fc546e204bb568292,,male,2024-04-24_12h31.48.743,stockport_simplified,2022.2.4,Win32,60.24096386,661e456ee6de07e70aa9ef7b,6628df89b8160f08a3f675cd,,,,,,,,,,,,,,,,,,,,,,,,,,,,,,,,,,,,,,,,,,,,,,,,,,,,,,,,0,58,58,31,1,A,X,N,o1_image,stimuli/out1.png,stimuli/correct_out1.png,stimuli/out2.png,,,,,,,,,,,,,,,,,,,,,,,,,,,,,,,,,,,,,,
,,5ea1965fc546e204bb568292,,male,2024-04-24_12h31.48.743,stockport_simplified,2022.2.4,Win32,60.24096386,661e456ee6de07e70aa9ef7b,6628df89b8160f08a3f675cd,,,,,,,,,,,,,,,,,,,,,,,,,,,,,,,,,,330.4318,331.6975,"[5,1,8,7,3,4,6,2]","[[0.3,0.2],[-0.3,0.2]]","[[-0.125,-0.2],[0.125,-0.2]]",0.078703704,-0.191666709,1,0,0,0.7489,o2_image,331.6982,0,332.1978,332.1978,334.2011,0,0,0,0,1,,,,,,,,,,,,,,,,,,,,,,,,,,,,,,,,,,,,,,,,,,,,,,,,,,
,,5ea1965fc546e204bb568292,,male,2024-04-24_12h31.48.743,stockport_simplified,2022.2.4,Win32,60.24096386,661e456ee6de07e70aa9ef7b,6628df89b8160f08a3f675cd,,,,,,,,,,,,,,,,,,,,,,,,,,,,,,,,,,,,,,,,,,,,,,,,,,,,,,,,0,59,59,35,1,A,Y,N,o1_image,stimuli/out1.png,stimuli/correct_out1.png,stimuli/out2.png,,,,,,,,,,,,,,,,,,,,,,,,,,,,,,,,,,,,,,
,,5ea1965fc546e204bb568292,,male,2024-04-24_12h31.48.743,stockport_simplified,2022.2.4,Win32,60.24096386,661e456ee6de07e70aa9ef7b,6628df89b8160f08a3f675cd,,,,,,,,,,,,,,,,,,,,,,,,,,,,,,,,,,334.2014,336.8216,"[5,1,8,7,3,4,6,2]","[[-0.3,0.2],[0.3,0.2]]","[[-0.125,-0.2],[0.125,-0.2]]",-0.077777792,-0.176851838,1,0,0,2.1174,o1_image,336.8266,1,337.3142,337.3142,339.3139,0,0,0,0,1,,,,,,,,,,,,,,,,,,,,,,,,,,,,,,,,,,,,,,,,,,,,,,,,,,
,,5ea1965fc546e204bb568292,,male,2024-04-24_12h31.48.743,stockport_simplified,2022.2.4,Win32,60.24096386,661e456ee6de07e70aa9ef7b,6628df89b8160f08a3f675cd,,,,,,,,,,,,,,,,,,,,,,,,,,,,,,,,,,,,,,,,,,,,,,,,,,,,,,,,1,0,60,22,1,N,M,C,o1_image,stimuli/out1.png,stimuli/correct_out1.png,stimuli/out2.png,,,,,,,,,,,,,,,,,,,,,,,,,,,,,,,,,,,,,,
,,5ea1965fc546e204bb568292,,male,2024-04-24_12h31.48.743,stockport_simplified,2022.2.4,Win32,60.24096386,661e456ee6de07e70aa9ef7b,6628df89b8160f08a3f675cd,,,,,,,,,,,,,,,,,,,,,,,,,,,,,,,,,,339.3147,340.7715,"[5,1,8,7,3,4,6,2]","[[-0.3,0.2],[0.3,0.2]]","[[-0.125,-0.2],[0.125,-0.2]]",-0.075925898,-0.175925926,1,0,0,0.9409,o1_image,340.7718,1,341.2642,341.2643,343.2546,0,0,0,0,1,,,,,,,,,,,,,,,,,,,,,,,,,,,,,,,,,,,,,,,,,,,,,,,,,,
,,5ea1965fc546e204bb568292,,male,2024-04-24_12h31.48.743,stockport_simplified,2022.2.4,Win32,60.24096386,661e456ee6de07e70aa9ef7b,6628df89b8160f08a3f675cd,,,,,,,,,,,,,,,,,,,,,,,,,,,,,,,,,,,,,,,,,,,,,,,,,,,,,,,,1,1,61,24,1,N,M,C,o1_image,stimuli/out1.png,stimuli/correct_out1.png,stimuli/out2.png,,,,,,,,,,,,,,,,,,,,,,,,,,,,,,,,,,,,,,
,,5ea1965fc546e204bb568292,,male,2024-04-24_12h31.48.743,stockport_simplified,2022.2.4,Win32,60.24096386,661e456ee6de07e70aa9ef7b,6628df89b8160f08a3f675cd,,,,,,,,,,,,,,,,,,,,,,,,,,,,,,,,,,343.2549,344.9137,"[5,1,8,7,3,4,6,2]","[[0.3,0.2],[-0.3,0.2]]","[[0.125,-0.2],[-0.125,-0.2]]",0.113888917,-0.186111097,1,0,0,1.1488,o1_image,344.9145,1,345.4137,345.4138,347.414,0,0,0,0,1,,,,,,,,,,,,,,,,,,,,,,,,,,,,,,,,,,,,,,,,,,,,,,,,,,
,,5ea1965fc546e204bb568292,,male,2024-04-24_12h31.48.743,stockport_simplified,2022.2.4,Win32,60.24096386,661e456ee6de07e70aa9ef7b,6628df89b8160f08a3f675cd,,,,,,,,,,,,,,,,,,,,,,,,,,,,,,,,,,,,,,,,,,,,,,,,,,,,,,,,1,2,62,5,1,A,Y,N,o1_image,stimuli/out1.png,stimuli/correct_out1.png,stimuli/out2.png,,,,,,,,,,,,,,,,,,,,,,,,,,,,,,,,,,,,,,
,,5ea1965fc546e204bb568292,,male,2024-04-24_12h31.48.743,stockport_simplified,2022.2.4,Win32,60.24096386,661e456ee6de07e70aa9ef7b,6628df89b8160f08a3f675cd,,,,,,,,,,,,,,,,,,,,,,,,,,,,,,,,,,347.4143,349.0134,"[5,1,8,7,3,4,6,2]","[[0.3,0.2],[-0.3,0.2]]","[[-0.125,-0.2],[0.125,-0.2]]",0.111111111,-0.186111097,1,0,0,1.0825,o2_image,349.0144,1,349.514,349.5141,351.5141,0,0,0,0,1,,,,,,,,,,,,,,,,,,,,,,,,,,,,,,,,,,,,,,,,,,,,,,,,,,
,,5ea1965fc546e204bb568292,,male,2024-04-24_12h31.48.743,stockport_simplified,2022.2.4,Win32,60.24096386,661e456ee6de07e70aa9ef7b,6628df89b8160f08a3f675cd,,,,,,,,,,,,,,,,,,,,,,,,,,,,,,,,,,,,,,,,,,,,,,,,,,,,,,,,1,3,63,45,1,B,Y,N,o2_image,stimuli/out2.png,stimuli/out1.png,stimuli/correct_out2.png,,,,,,,,,,,,,,,,,,,,,,,,,,,,,,,,,,,,,,
,,5ea1965fc546e204bb568292,,male,2024-04-24_12h31.48.743,stockport_simplified,2022.2.4,Win32,60.24096386,661e456ee6de07e70aa9ef7b,6628df89b8160f08a3f675cd,,,,,,,,,,,,,,,,,,,,,,,,,,,,,,,,,,351.5145,353.0797,"[5,1,8,7,3,4,6,2]","[[-0.3,0.2],[0.3,0.2]]","[[-0.125,-0.2],[0.125,-0.2]]",-0.080555527,-0.207407422,1,0,0,1.0493,o1_image,353.0806,1,353.5804,353.5804,355.5706,0,0,0,0,1,,,,,,,,,,,,,,,,,,,,,,,,,,,,,,,,,,,,,,,,,,,,,,,,,,
,,5ea1965fc546e204bb568292,,male,2024-04-24_12h31.48.743,stockport_simplified,2022.2.4,Win32,60.24096386,661e456ee6de07e70aa9ef7b,6628df89b8160f08a3f675cd,,,,,,,,,,,,,,,,,,,,,,,,,,,,,,,,,,,,,,,,,,,,,,,,,,,,,,,,1,4,64,53,1,N,M,C,o1_image,stimuli/out1.png,stimuli/correct_out1.png,stimuli/out2.png,,,,,,,,,,,,,,,,,,,,,,,,,,,,,,,,,,,,,,
,,5ea1965fc546e204bb568292,,male,2024-04-24_12h31.48.743,stockport_simplified,2022.2.4,Win32,60.24096386,661e456ee6de07e70aa9ef7b,6628df89b8160f08a3f675cd,,,,,,,,,,,,,,,,,,,,,,,,,,,,,,,,,,355.5708,357.5537,"[5,1,8,7,3,4,6,2]","[[-0.3,0.2],[0.3,0.2]]","[[0.125,-0.2],[-0.125,-0.2]]",0.102777764,-0.231481481,1,0,0,1.4669,o1_image,357.554,1,358.0464,358.0465,360.0461,0,0,0,0,1,,,,,,,,,,,,,,,,,,,,,,,,,,,,,,,,,,,,,,,,,,,,,,,,,,
,,5ea1965fc546e204bb568292,,male,2024-04-24_12h31.48.743,stockport_simplified,2022.2.4,Win32,60.24096386,661e456ee6de07e70aa9ef7b,6628df89b8160f08a3f675cd,,,,,,,,,,,,,,,,,,,,,,,,,,,,,,,,,,,,,,,,,,,,,,,,,,,,,,,,1,5,65,31,1,A,X,N,o1_image,stimuli/out1.png,stimuli/correct_out1.png,stimuli/out2.png,,,,,,,,,,,,,,,,,,,,,,,,,,,,,,,,,,,,,,
,,5ea1965fc546e204bb568292,,male,2024-04-24_12h31.48.743,stockport_simplified,2022.2.4,Win32,60.24096386,661e456ee6de07e70aa9ef7b,6628df89b8160f08a3f675cd,,,,,,,,,,,,,,,,,,,,,,,,,,,,,,,,,,360.0467,361.7127,"[5,1,8,7,3,4,6,2]","[[0.3,0.2],[-0.3,0.2]]","[[-0.125,-0.2],[0.125,-0.2]]",0.078703704,-0.229629658,1,0,0,1.1489,o2_image,361.7136,0,362.2135,362.2135,364.2128,0,0,0,0,1,,,,,,,,,,,,,,,,,,,,,,,,,,,,,,,,,,,,,,,,,,,,,,,,,,
,,5ea1965fc546e204bb568292,,male,2024-04-24_12h31.48.743,stockport_simplified,2022.2.4,Win32,60.24096386,661e456ee6de07e70aa9ef7b,6628df89b8160f08a3f675cd,,,,,,,,,,,,,,,,,,,,,,,,,,,,,,,,,,,,,,,,,,,,,,,,,,,,,,,,1,6,66,38,1,A,Y,N,o1_image,stimuli/out1.png,stimuli/correct_out1.png,stimuli/out2.png,,,,,,,,,,,,,,,,,,,,,,,,,,,,,,,,,,,,,,
,,5ea1965fc546e204bb568292,,male,2024-04-24_12h31.48.743,stockport_simplified,2022.2.4,Win32,60.24096386,661e456ee6de07e70aa9ef7b,6628df89b8160f08a3f675cd,,,,,,,,,,,,,,,,,,,,,,,,,,,,,,,,,,364.2134,366.646,"[5,1,8,7,3,4,6,2]","[[0.3,0.2],[-0.3,0.2]]","[[-0.125,-0.2],[0.125,-0.2]]",0.05277782,-0.187962991,1,0,0,1.9157,o2_image,366.6513,0,367.1466,367.1467,369.1461,0,0,0,0,1,,,,,,,,,,,,,,,,,,,,,,,,,,,,,,,,,,,,,,,,,,,,,,,,,,
,,5ea1965fc546e204bb568292,,male,2024-04-24_12h31.48.743,stockport_simplified,2022.2.4,Win32,60.24096386,661e456ee6de07e70aa9ef7b,6628df89b8160f08a3f675cd,,,,,,,,,,,,,,,,,,,,,,,,,,,,,,,,,,,,,,,,,,,,,,,,,,,,,,,,1,7,67,4,1,A,X,N,o1_image,stimuli/out1.png,stimuli/correct_out1.png,stimuli/out2.png,,,,,,,,,,,,,,,,,,,,,,,,,,,,,,,,,,,,,,
,,5ea1965fc546e204bb568292,,male,2024-04-24_12h31.48.743,stockport_simplified,2022.2.4,Win32,60.24096386,661e456ee6de07e70aa9ef7b,6628df89b8160f08a3f675cd,,,,,,,,,,,,,,,,,,,,,,,,,,,,,,,,,,369.1466,370.5456,"[5,1,8,7,3,4,6,2]","[[0.3,0.2],[-0.3,0.2]]","[[0.125,-0.2],[-0.125,-0.2]]",0.053703732,-0.187962991,1,0,0,0.8823,o1_image,370.5465,1,371.046,371.0461,373.034,0,0,0,0,1,,,,,,,,,,,,,,,,,,,,,,,,,,,,,,,,,,,,,,,,,,,,,,,,,,
,,5ea1965fc546e204bb568292,,male,2024-04-24_12h31.48.743,stockport_simplified,2022.2.4,Win32,60.24096386,661e456ee6de07e70aa9ef7b,6628df89b8160f08a3f675cd,,,,,,,,,,,,,,,,,,,,,,,,,,,,,,,,,,,,,,,,,,,,,,,,,,,,,,,,1,8,68,21,1,N,M,C,o1_image,stimuli/out1.png,stimuli/correct_out1.png,stimuli/out2.png,,,,,,,,,,,,,,,,,,,,,,,,,,,,,,,,,,,,,,
,,5ea1965fc546e204bb568292,,male,2024-04-24_12h31.48.743,stockport_simplified,2022.2.4,Win32,60.24096386,661e456ee6de07e70aa9ef7b,6628df89b8160f08a3f675cd,,,,,,,,,,,,,,,,,,,,,,,,,,,,,,,,,,373.0345,374.3788,"[5,1,8,7,3,4,6,2]","[[-0.3,0.2],[0.3,0.2]]","[[0.125,-0.2],[-0.125,-0.2]]",0.053703732,-0.187962991,1,0,0,0.8324,o1_image,374.3796,0,374.8789,374.8789,376.8789,0,0,0,0,1,,,,,,,,,,,,,,,,,,,,,,,,,,,,,,,,,,,,,,,,,,,,,,,,,,
,,5ea1965fc546e204bb568292,,male,2024-04-24_12h31.48.743,stockport_simplified,2022.2.4,Win32,60.24096386,661e456ee6de07e70aa9ef7b,6628df89b8160f08a3f675cd,,,,,,,,,,,,,,,,,,,,,,,,,,,,,,,,,,,,,,,,,,,,,,,,,,,,,,,,1,9,69,11,1,B,X,N,o2_image,stimuli/out2.png,stimuli/out1.png,stimuli/correct_out2.png,,,,,,,,,,,,,,,,,,,,,,,,,,,,,,,,,,,,,,
,,5ea1965fc546e204bb568292,,male,2024-04-24_12h31.48.743,stockport_simplified,2022.2.4,Win32,60.24096386,661e456ee6de07e70aa9ef7b,6628df89b8160f08a3f675cd,,,,,,,,,,,,,,,,,,,,,,,,,,,,,,,,,,376.8795,379.2949,"[5,1,8,7,3,4,6,2]","[[-0.3,0.2],[0.3,0.2]]","[[-0.125,-0.2],[0.125,-0.2]]",-0.080555527,-0.202777792,1,0,0,1.8989,o1_image,379.2958,1,379.7958,379.7959,381.7953,0,0,0,0,1,,,,,,,,,,,,,,,,,,,,,,,,,,,,,,,,,,,,,,,,,,,,,,,,,,
,,5ea1965fc546e204bb568292,,male,2024-04-24_12h31.48.743,stockport_simplified,2022.2.4,Win32,60.24096386,661e456ee6de07e70aa9ef7b,6628df89b8160f08a3f675cd,,,,,,,,,,,,,,,,,,,,,,,,,,,,,,,,,,,,,,,,,,,,,,,,,,,,,,,,1,10,70,6,1,A,Y,N,o1_image,stimuli/out1.png,stimuli/correct_out1.png,stimuli/out2.png,,,,,,,,,,,,,,,,,,,,,,,,,,,,,,,,,,,,,,
,,5ea1965fc546e204bb568292,,male,2024-04-24_12h31.48.743,stockport_simplified,2022.2.4,Win32,60.24096386,661e456ee6de07e70aa9ef7b,6628df89b8160f08a3f675cd,,,,,,,,,,,,,,,,,,,,,,,,,,,,,,,,,,381.7958,385.245,"[5,1,8,7,3,4,6,2]","[[0.3,0.2],[-0.3,0.2]]","[[-0.125,-0.2],[0.125,-0.2]]",0.089814857,-0.202777792,1,0,0,2.943,o2_image,385.2503,0,385.7449,385.745,387.7449,0,0,0,0,1,,,,,,,,,,,,,,,,,,,,,,,,,,,,,,,,,,,,,,,,,,,,,,,,,,
,,5ea1965fc546e204bb568292,,male,2024-04-24_12h31.48.743,stockport_simplified,2022.2.4,Win32,60.24096386,661e456ee6de07e70aa9ef7b,6628df89b8160f08a3f675cd,,,,,,,,,,,,,,,,,,,,,,,,,,,,,,,,,,,,,,,,,,,,,,,,,,,,,,,,1,11,71,36,1,A,Y,N,o1_image,stimuli/out1.png,stimuli/correct_out1.png,stimuli/out2.png,,,,,,,,,,,,,,,,,,,,,,,,,,,,,,,,,,,,,,
,,5ea1965fc546e204bb568292,,male,2024-04-24_12h31.48.743,stockport_simplified,2022.2.4,Win32,60.24096386,661e456ee6de07e70aa9ef7b,6628df89b8160f08a3f675cd,,,,,,,,,,,,,,,,,,,,,,,,,,,,,,,,,,387.7454,391.3851,"[5,1,8,7,3,4,6,2]","[[-0.3,0.2],[0.3,0.2]]","[[0.125,-0.2],[-0.125,-0.2]]",-0.115740741,-0.277777778,1,0,0,3.1231,o2_image,391.3902,1,391.8946,391.8946,393.8942,0,0,0,0,1,,,,,,,,,,,,,,,,,,,,,,,,,,,,,,,,,,,,,,,,,,,,,,,,,,
,,5ea1965fc546e204bb568292,,male,2024-04-24_12h31.48.743,stockport_simplified,2022.2.4,Win32,60.24096386,661e456ee6de07e70aa9ef7b,6628df89b8160f08a3f675cd,,,,,,,,,,,,,,,,,,,,,,,,,,,,,,,,,,,,,,,,,,,,,,,,,,,,,,,,1,12,72,27,1,N,M,D,o2_image,stimuli/out2.png,stimuli/out1.png,stimuli/correct_out2.png,,,,,,,,,,,,,,,,,,,,,,,,,,,,,,,,,,,,,,
,,5ea1965fc546e204bb568292,,male,2024-04-24_12h31.48.743,stockport_simplified,2022.2.4,Win32,60.24096386,661e456ee6de07e70aa9ef7b,6628df89b8160f08a3f675cd,,,,,,,,,,,,,,,,,,,,,,,,,,,,,,,,,,393.8944,395.944,"[5,1,8,7,3,4,6,2]","[[-0.3,0.2],[0.3,0.2]]","[[0.125,-0.2],[-0.125,-0.2]]",-0.099074046,-0.248148176,1,0,0,1.5486,o2_image,395.9443,0,396.4444,396.4444,398.4447,0,0,0,0,1,,,,,,,,,,,,,,,,,,,,,,,,,,,,,,,,,,,,,,,,,,,,,,,,,,
,,5ea1965fc546e204bb568292,,male,2024-04-24_12h31.48.743,stockport_simplified,2022.2.4,Win32,60.24096386,661e456ee6de07e70aa9ef7b,6628df89b8160f08a3f675cd,,,,,,,,,,,,,,,,,,,,,,,,,,,,,,,,,,,,,,,,,,,,,,,,,,,,,,,,1,13,73,34,1,A,X,N,o1_image,stimuli/out1.png,stimuli/correct_out1.png,stimuli/out2.png,,,,,,,,,,,,,,,,,,,,,,,,,,,,,,,,,,,,,,
,,5ea1965fc546e204bb568292,,male,2024-04-24_12h31.48.743,stockport_simplified,2022.2.4,Win32,60.24096386,661e456ee6de07e70aa9ef7b,6628df89b8160f08a3f675cd,,,,,,,,,,,,,,,,,,,,,,,,,,,,,,,,,,398.4452,401.444,"[5,1,8,7,3,4,6,2]","[[0.3,0.2],[-0.3,0.2]]","[[0.125,-0.2],[-0.125,-0.2]]",-0.060185185,-0.222222222,1,0,0,2.4764,o2_image,401.4448,1,401.9348,401.9349,403.9277,0,0,0,0,1,,,,,,,,,,,,,,,,,,,,,,,,,,,,,,,,,,,,,,,,,,,,,,,,,,
,,5ea1965fc546e204bb568292,,male,2024-04-24_12h31.48.743,stockport_simplified,2022.2.4,Win32,60.24096386,661e456ee6de07e70aa9ef7b,6628df89b8160f08a3f675cd,,,,,,,,,,,,,,,,,,,,,,,,,,,,,,,,,,,,,,,,,,,,,,,,,,,,,,,,1,14,74,12,1,B,X,N,o2_image,stimuli/out2.png,stimuli/out1.png,stimuli/correct_out2.png,,,,,,,,,,,,,,,,,,,,,,,,,,,,,,,,,,,,,,
,,5ea1965fc546e204bb568292,,male,2024-04-24_12h31.48.743,stockport_simplified,2022.2.4,Win32,60.24096386,661e456ee6de07e70aa9ef7b,6628df89b8160f08a3f675cd,,,,,,,,,,,,,,,,,,,,,,,,,,,,,,,,,,403.928,407.6937,"[5,1,8,7,3,4,6,2]","[[-0.3,0.2],[0.3,0.2]]","[[0.125,-0.2],[-0.125,-0.2]]",-0.06759255,-0.222222222,1,0,0,3.2422,o2_image,407.6992,1,408.1942,408.1943,410.2011,0,0,0,0,1,,,,,,,,,,,,,,,,,,,,,,,,,,,,,,,,,,,,,,,,,,,,,,,,,,
,,5ea1965fc546e204bb568292,,male,2024-04-24_12h31.48.743,stockport_simplified,2022.2.4,Win32,60.24096386,661e456ee6de07e70aa9ef7b,6628df89b8160f08a3f675cd,,,,,,,,,,,,,,,,,,,,,,,,,,,,,,,,,,,,,,,,,,,,,,,,,,,,,,,,1,15,75,55,1,N,M,D,o2_image,stimuli/out2.png,stimuli/out1.png,stimuli/correct_out2.png,,,,,,,,,,,,,,,,,,,,,,,,,,,,,,,,,,,,,,
,,5ea1965fc546e204bb568292,,male,2024-04-24_12h31.48.743,stockport_simplified,2022.2.4,Win32,60.24096386,661e456ee6de07e70aa9ef7b,6628df89b8160f08a3f675cd,,,,,,,,,,,,,,,,,,,,,,,,,,,,,,,,,,410.2014,411.934,"[5,1,8,7,3,4,6,2]","[[0.3,0.2],[-0.3,0.2]]","[[0.125,-0.2],[-0.125,-0.2]]",0.093518504,-0.231481481,1,0,0,1.2229,o1_image,411.9343,1,412.427,412.4271,414.4266,0,0,0,0,1,,,,,,,,,,,,,,,,,,,,,,,,,,,,,,,,,,,,,,,,,,,,,,,,,,
,,5ea1965fc546e204bb568292,,male,2024-04-24_12h31.48.743,stockport_simplified,2022.2.4,Win32,60.24096386,661e456ee6de07e70aa9ef7b,6628df89b8160f08a3f675cd,,,,,,,,,,,,,,,,,,,,,,,,,,,,,,,,,,,,,,,,,,,,,,,,,,,,,,,,1,16,76,7,1,A,Y,N,o1_image,stimuli/out1.png,stimuli/correct_out1.png,stimuli/out2.png,,,,,,,,,,,,,,,,,,,,,,,,,,,,,,,,,,,,,,
,,5ea1965fc546e204bb568292,,male,2024-04-24_12h31.48.743,stockport_simplified,2022.2.4,Win32,60.24096386,661e456ee6de07e70aa9ef7b,6628df89b8160f08a3f675cd,,,,,,,,,,,,,,,,,,,,,,,,,,,,,,,,,,414.4273,415.893,"[5,1,8,7,3,4,6,2]","[[-0.3,0.2],[0.3,0.2]]","[[0.125,-0.2],[-0.125,-0.2]]",0.097222222,-0.24537037,1,0,0,0.9489,o1_image,415.8937,0,416.3933,416.3933,418.3938,0,0,0,0,1,,,,,,,,,,,,,,,,,,,,,,,,,,,,,,,,,,,,,,,,,,,,,,,,,,
,,5ea1965fc546e204bb568292,,male,2024-04-24_12h31.48.743,stockport_simplified,2022.2.4,Win32,60.24096386,661e456ee6de07e70aa9ef7b,6628df89b8160f08a3f675cd,,,,,,,,,,,,,,,,,,,,,,,,,,,,,,,,,,,,,,,,,,,,,,,,,,,,,,,,1,17,77,18,1,B,Y,N,o2_image,stimuli/out2.png,stimuli/out1.png,stimuli/correct_out2.png,,,,,,,,,,,,,,,,,,,,,,,,,,,,,,,,,,,,,,
,,5ea1965fc546e204bb568292,,male,2024-04-24_12h31.48.743,stockport_simplified,2022.2.4,Win32,60.24096386,661e456ee6de07e70aa9ef7b,6628df89b8160f08a3f675cd,,,,,,,,,,,,,,,,,,,,,,,,,,,,,,,,,,418.3944,419.6172,"[5,1,8,7,3,4,6,2]","[[0.3,0.2],[-0.3,0.2]]","[[0.125,-0.2],[-0.125,-0.2]]",-0.108333305,-0.25,1,0,0,0.7179,o2_image,419.6176,1,420.1098,420.1098,422.1007,0,0,0,0,1,,,,,,,,,,,,,,,,,,,,,,,,,,,,,,,,,,,,,,,,,,,,,,,,,,
,,5ea1965fc546e204bb568292,,male,2024-04-24_12h31.48.743,stockport_simplified,2022.2.4,Win32,60.24096386,661e456ee6de07e70aa9ef7b,6628df89b8160f08a3f675cd,,,,,,,,,,,,,,,,,,,,,,,,,,,,,,,,,,,,,,,,,,,,,,,,,,,,,,,,1,18,78,17,1,B,Y,N,o2_image,stimuli/out2.png,stimuli/out1.png,stimuli/correct_out2.png,,,,,,,,,,,,,,,,,,,,,,,,,,,,,,,,,,,,,,
,,5ea1965fc546e204bb568292,,male,2024-04-24_12h31.48.743,stockport_simplified,2022.2.4,Win32,60.24096386,661e456ee6de07e70aa9ef7b,6628df89b8160f08a3f675cd,,,,,,,,,,,,,,,,,,,,,,,,,,,,,,,,,,422.1011,423.7167,"[5,1,8,7,3,4,6,2]","[[0.3,0.2],[-0.3,0.2]]","[[0.125,-0.2],[-0.125,-0.2]]",0.125925912,-0.193518533,1,0,0,1.1061,o1_image,423.7171,1,424.2098,424.2098,426.2099,0,0,0,0,1,,,,,,,,,,,,,,,,,,,,,,,,,,,,,,,,,,,,,,,,,,,,,,,,,,
,,5ea1965fc546e204bb568292,,male,2024-04-24_12h31.48.743,stockport_simplified,2022.2.4,Win32,60.24096386,661e456ee6de07e70aa9ef7b,6628df89b8160f08a3f675cd,,,,,,,,,,,,,,,,,,,,,,,,,,,,,,,,,,,,,,,,,,,,,,,,,,,,,,,,1,19,79,50,1,N,M,C,o1_image,stimuli/out1.png,stimuli/correct_out1.png,stimuli/out2.png,,,,,,,,,,,,,,,,,,,,,,,,,,,,,,,,,,,,,,
,,5ea1965fc546e204bb568292,,male,2024-04-24_12h31.48.743,stockport_simplified,2022.2.4,Win32,60.24096386,661e456ee6de07e70aa9ef7b,6628df89b8160f08a3f675cd,,,,,,,,,,,,,,,,,,,,,,,,,,,,,,,,,,426.2104,427.7424,"[5,1,8,7,3,4,6,2]","[[-0.3,0.2],[0.3,0.2]]","[[0.125,-0.2],[-0.125,-0.2]]",-0.117592564,-0.205555598,1,0,0,1.0152,o2_image,427.7434,0,428.2429,428.2429,430.2426,0,0,0,0,1,,,,,,,,,,,,,,,,,,,,,,,,,,,,,,,,,,,,,,,,,,,,,,,,,,
,,5ea1965fc546e204bb568292,,male,2024-04-24_12h31.48.743,stockport_simplified,2022.2.4,Win32,60.24096386,661e456ee6de07e70aa9ef7b,6628df89b8160f08a3f675cd,,,,,,,,,,,,,,,,,,,,,,,,,,,,,,,,,,,,,,,,,,,,,,,,,,,,,,,,1,20,80,33,1,A,X,N,o1_image,stimuli/out1.png,stimuli/correct_out1.png,stimuli/out2.png,,,,,,,,,,,,,,,,,,,,,,,,,,,,,,,,,,,,,,
,,5ea1965fc546e204bb568292,,male,2024-04-24_12h31.48.743,stockport_simplified,2022.2.4,Win32,60.24096386,661e456ee6de07e70aa9ef7b,6628df89b8160f08a3f675cd,,,,,,,,,,,,,,,,,,,,,,,,,,,,,,,,,,430.2431,431.849,"[5,1,8,7,3,4,6,2]","[[0.3,0.2],[-0.3,0.2]]","[[-0.125,-0.2],[0.125,-0.2]]",-0.056481467,-0.208333333,1,0,0,1.0889,o1_image,431.8494,1,432.3432,432.3432,434.3427,0,0,0,0,1,,,,,,,,,,,,,,,,,,,,,,,,,,,,,,,,,,,,,,,,,,,,,,,,,,
,,5ea1965fc546e204bb568292,,male,2024-04-24_12h31.48.743,stockport_simplified,2022.2.4,Win32,60.24096386,661e456ee6de07e70aa9ef7b,6628df89b8160f08a3f675cd,,,,,,,,,,,,,,,,,,,,,,,,,,,,,,,,,,,,,,,,,,,,,,,,,,,,,,,,1,21,81,23,1,N,M,C,o1_image,stimuli/out1.png,stimuli/correct_out1.png,stimuli/out2.png,,,,,,,,,,,,,,,,,,,,,,,,,,,,,,,,,,,,,,
,,5ea1965fc546e204bb568292,,male,2024-04-24_12h31.48.743,stockport_simplified,2022.2.4,Win32,60.24096386,661e456ee6de07e70aa9ef7b,6628df89b8160f08a3f675cd,,,,,,,,,,,,,,,,,,,,,,,,,,,,,,,,,,434.3432,435.9755,"[5,1,8,7,3,4,6,2]","[[0.3,0.2],[-0.3,0.2]]","[[0.125,-0.2],[-0.125,-0.2]]",-0.056481467,-0.208333333,1,0,0,1.1155,o2_image,435.9763,0,436.4661,436.4661,438.4592,0,0,0,0,1,,,,,,,,,,,,,,,,,,,,,,,,,,,,,,,,,,,,,,,,,,,,,,,,,,
,,5ea1965fc546e204bb568292,,male,2024-04-24_12h31.48.743,stockport_simplified,2022.2.4,Win32,60.24096386,661e456ee6de07e70aa9ef7b,6628df89b8160f08a3f675cd,,,,,,,,,,,,,,,,,,,,,,,,,,,,,,,,,,,,,,,,,,,,,,,,,,,,,,,,1,22,82,0,1,A,X,N,o1_image,stimuli/out1.png,stimuli/correct_out1.png,stimuli/out2.png,,,,,,,,,,,,,,,,,,,,,,,,,,,,,,,,,,,,,,
,,5ea1965fc546e204bb568292,,male,2024-04-24_12h31.48.743,stockport_simplified,2022.2.4,Win32,60.24096386,661e456ee6de07e70aa9ef7b,6628df89b8160f08a3f675cd,,,,,,,,,,,,,,,,,,,,,,,,,,,,,,,,,,438.4597,440.0753,"[5,1,8,7,3,4,6,2]","[[-0.3,0.2],[0.3,0.2]]","[[-0.125,-0.2],[0.125,-0.2]]",0.071296339,-0.225000028,1,0,0,1.099,o2_image,440.0761,0,440.5754,440.5756,442.5757,0,0,0,0,1,,,,,,,,,,,,,,,,,,,,,,,,,,,,,,,,,,,,,,,,,,,,,,,,,,
,,5ea1965fc546e204bb568292,,male,2024-04-24_12h31.48.743,stockport_simplified,2022.2.4,Win32,60.24096386,661e456ee6de07e70aa9ef7b,6628df89b8160f08a3f675cd,,,,,,,,,,,,,,,,,,,,,,,,,,,,,,,,,,,,,,,,,,,,,,,,,,,,,,,,1,23,83,54,1,N,M,C,o1_image,stimuli/out1.png,stimuli/correct_out1.png,stimuli/out2.png,,,,,,,,,,,,,,,,,,,,,,,,,,,,,,,,,,,,,,
,,5ea1965fc546e204bb568292,,male,2024-04-24_12h31.48.743,stockport_simplified,2022.2.4,Win32,60.24096386,661e456ee6de07e70aa9ef7b,6628df89b8160f08a3f675cd,,,,,,,,,,,,,,,,,,,,,,,,,,,,,,,,,,442.5761,443.6086,"[5,1,8,7,3,4,6,2]","[[0.3,0.2],[-0.3,0.2]]","[[0.125,-0.2],[-0.125,-0.2]]",-0.064814815,-0.223148134,1,0,0,0.5164,o2_image,443.6094,0,444.1086,444.1086,446.1084,0,0,0,0,1,,,,,,,,,,,,,,,,,,,,,,,,,,,,,,,,,,,,,,,,,,,,,,,,,,
,,5ea1965fc546e204bb568292,,male,2024-04-24_12h31.48.743,stockport_simplified,2022.2.4,Win32,60.24096386,661e456ee6de07e70aa9ef7b,6628df89b8160f08a3f675cd,,,,,,,,,,,,,,,,,,,,,,,,,,,,,,,,,,,,,,,,,,,,,,,,,,,,,,,,1,24,84,37,1,A,Y,N,o1_image,stimuli/out1.png,stimuli/correct_out1.png,stimuli/out2.png,,,,,,,,,,,,,,,,,,,,,,,,,,,,,,,,,,,,,,
,,5ea1965fc546e204bb568292,,male,2024-04-24_12h31.48.743,stockport_simplified,2022.2.4,Win32,60.24096386,661e456ee6de07e70aa9ef7b,6628df89b8160f08a3f675cd,,,,,,,,,,,,,,,,,,,,,,,,,,,,,,,,,,446.109,447.4748,"[5,1,8,7,3,4,6,2]","[[0.3,0.2],[-0.3,0.2]]","[[0.125,-0.2],[-0.125,-0.2]]",0.035185213,-0.225000028,1,0,0,0.3492,o1_image,447.4755,0,447.9754,447.9754,449.9751,0,0,0,0,1,,,,,,,,,,,,,,,,,,,,,,,,,,,,,,,,,,,,,,,,,,,,,,,,,,
,,5ea1965fc546e204bb568292,,male,2024-04-24_12h31.48.743,stockport_simplified,2022.2.4,Win32,60.24096386,661e456ee6de07e70aa9ef7b,6628df89b8160f08a3f675cd,,,,,,,,,,,,,,,,,,,,,,,,,,,,,,,,,,,,,,,,,,,,,,,,,,,,,,,,1,25,85,43,1,B,X,N,o2_image,stimuli/out2.png,stimuli/out1.png,stimuli/correct_out2.png,,,,,,,,,,,,,,,,,,,,,,,,,,,,,,,,,,,,,,
,,5ea1965fc546e204bb568292,,male,2024-04-24_12h31.48.743,stockport_simplified,2022.2.4,Win32,60.24096386,661e456ee6de07e70aa9ef7b,6628df89b8160f08a3f675cd,,,,,,,,,,,,,,,,,,,,,,,,,,,,,,,,,,449.9756,452.3247,"[5,1,8,7,3,4,6,2]","[[-0.3,0.2],[0.3,0.2]]","[[0.125,-0.2],[-0.125,-0.2]]",0.074999986,-0.213888875,1,0,0,1.8432,o1_image,452.3255,0,452.8247,452.8248,454.8246,0,0,0,0,1,,,,,,,,,,,,,,,,,,,,,,,,,,,,,,,,,,,,,,,,,,,,,,,,,,
,,5ea1965fc546e204bb568292,,male,2024-04-24_12h31.48.743,stockport_simplified,2022.2.4,Win32,60.24096386,661e456ee6de07e70aa9ef7b,6628df89b8160f08a3f675cd,,,,,,,,,,,,,,,,,,,,,,,,,,,,,,,,,,,,,,,,,,,,,,,,,,,,,,,,1,26,86,13,1,B,X,N,o2_image,stimuli/out2.png,stimuli/out1.png,stimuli/correct_out2.png,,,,,,,,,,,,,,,,,,,,,,,,,,,,,,,,,,,,,,
,,5ea1965fc546e204bb568292,,male,2024-04-24_12h31.48.743,stockport_simplified,2022.2.4,Win32,60.24096386,661e456ee6de07e70aa9ef7b,6628df89b8160f08a3f675cd,,,,,,,,,,,,,,,,,,,,,,,,,,,,,,,,,,454.825,457.3411,"[5,1,8,7,3,4,6,2]","[[-0.3,0.2],[0.3,0.2]]","[[-0.125,-0.2],[0.125,-0.2]]",-0.000925912,-0.215740769,1,0,0,0.6905,o2_image,457.3419,1,457.8485,457.8485,459.8474,0,0,0,0,1,,,,,,,,,,,,,,,,,,,,,,,,,,,,,,,,,,,,,,,,,,,,,,,,,,
,,5ea1965fc546e204bb568292,,male,2024-04-24_12h31.48.743,stockport_simplified,2022.2.4,Win32,60.24096386,661e456ee6de07e70aa9ef7b,6628df89b8160f08a3f675cd,,,,,,,,,,,,,,,,,,,,,,,,,,,,,,,,,,,,,,,,,,,,,,,,,,,,,,,,1,27,87,25,1,N,M,D,o2_image,stimuli/out2.png,stimuli/out1.png,stimuli/correct_out2.png,,,,,,,,,,,,,,,,,,,,,,,,,,,,,,,,,,,,,,
,,5ea1965fc546e204bb568292,,male,2024-04-24_12h31.48.743,stockport_simplified,2022.2.4,Win32,60.24096386,661e456ee6de07e70aa9ef7b,6628df89b8160f08a3f675cd,,,,,,,,,,,,,,,,,,,,,,,,,,,,,,,,,,459.8476,461.6241,"[5,1,8,7,3,4,6,2]","[[-0.3,0.2],[0.3,0.2]]","[[0.125,-0.2],[-0.125,-0.2]]",0.108333376,-0.262037065,1,0,0,1.2655,o1_image,461.6249,0,462.124,462.1241,464.1242,0,0,0,0,1,,,,,,,,,,,,,,,,,,,,,,,,,,,,,,,,,,,,,,,,,,,,,,,,,,
,,5ea1965fc546e204bb568292,,male,2024-04-24_12h31.48.743,stockport_simplified,2022.2.4,Win32,60.24096386,661e456ee6de07e70aa9ef7b,6628df89b8160f08a3f675cd,,,,,,,,,,,,,,,,,,,,,,,,,,,,,,,,,,,,,,,,,,,,,,,,,,,,,,,,1,28,88,14,1,B,X,N,o2_image,stimuli/out2.png,stimuli/out1.png,stimuli/correct_out2.png,,,,,,,,,,,,,,,,,,,,,,,,,,,,,,,,,,,,,,
,,5ea1965fc546e204bb568292,,male,2024-04-24_12h31.48.743,stockport_simplified,2022.2.4,Win32,60.24096386,661e456ee6de07e70aa9ef7b,6628df89b8160f08a3f675cd,,,,,,,,,,,,,,,,,,,,,,,,,,,,,,,,,,464.1247,466.0146,"[5,1,8,7,3,4,6,2]","[[-0.3,0.2],[0.3,0.2]]","[[-0.125,-0.2],[0.125,-0.2]]",0.10555557,-0.213888875,1,0,0,1.3733,o2_image,466.0149,1,466.5072,466.5072,468.5072,0,0,0,0,1,,,,,,,,,,,,,,,,,,,,,,,,,,,,,,,,,,,,,,,,,,,,,,,,,,
,,5ea1965fc546e204bb568292,,male,2024-04-24_12h31.48.743,stockport_simplified,2022.2.4,Win32,60.24096386,661e456ee6de07e70aa9ef7b,6628df89b8160f08a3f675cd,,,,,,,,,,,,,,,,,,,,,,,,,,,,,,,,,,,,,,,,,,,,,,,,,,,,,,,,1,29,89,19,1,B,Y,N,o2_image,stimuli/out2.png,stimuli/out1.png,stimuli/correct_out2.png,,,,,,,,,,,,,,,,,,,,,,,,,,,,,,,,,,,,,,
,,5ea1965fc546e204bb568292,,male,2024-04-24_12h31.48.743,stockport_simplified,2022.2.4,Win32,60.24096386,661e456ee6de07e70aa9ef7b,6628df89b8160f08a3f675cd,,,,,,,,,,,,,,,,,,,,,,,,,,,,,,,,,,468.5077,469.9569,"[5,1,8,7,3,4,6,2]","[[0.3,0.2],[-0.3,0.2]]","[[-0.125,-0.2],[0.125,-0.2]]",0.110185199,-0.213888875,1,0,0,0.9324,o2_image,469.9577,1,470.4576,470.4576,472.4574,0,0,0,0,1,,,,,,,,,,,,,,,,,,,,,,,,,,,,,,,,,,,,,,,,,,,,,,,,,,
,,5ea1965fc546e204bb568292,,male,2024-04-24_12h31.48.743,stockport_simplified,2022.2.4,Win32,60.24096386,661e456ee6de07e70aa9ef7b,6628df89b8160f08a3f675cd,,,,,,,,,,,,,,,,,,,,,,,,,,,,,,,,,,,,,,,,,,,,,,,,,,,,,,,,1,30,90,46,1,B,Y,N,o2_image,stimuli/out2.png,stimuli/out1.png,stimuli/correct_out2.png,,,,,,,,,,,,,,,,,,,,,,,,,,,,,,,,,,,,,,
,,5ea1965fc546e204bb568292,,male,2024-04-24_12h31.48.743,stockport_simplified,2022.2.4,Win32,60.24096386,661e456ee6de07e70aa9ef7b,6628df89b8160f08a3f675cd,,,,,,,,,,,,,,,,,,,,,,,,,,,,,,,,,,472.4578,481.0139,"[5,1,8,7,3,4,6,2]","[[0.3,0.2],[-0.3,0.2]]","[[-0.125,-0.2],[0.125,-0.2]]",0.110185199,-0.213888875,1,0,0,8.0398,o2_image,481.0216,1,481.5142,481.5142,483.5067,0,0,0,0,1,,,,,,,,,,,,,,,,,,,,,,,,,,,,,,,,,,,,,,,,,,,,,,,,,,
,,5ea1965fc546e204bb568292,,male,2024-04-24_12h31.48.743,stockport_simplified,2022.2.4,Win32,60.24096386,661e456ee6de07e70aa9ef7b,6628df89b8160f08a3f675cd,,,,,,,,,,,,,,,,,,,,,,,,,,,,,,,,,,,,,,,,,,,,,,,,,,,,,,,,1,31,91,42,1,B,X,N,o2_image,stimuli/out2.png,stimuli/out1.png,stimuli/correct_out2.png,,,,,,,,,,,,,,,,,,,,,,,,,,,,,,,,,,,,,,
,,5ea1965fc546e204bb568292,,male,2024-04-24_12h31.48.743,stockport_simplified,2022.2.4,Win32,60.24096386,661e456ee6de07e70aa9ef7b,6628df89b8160f08a3f675cd,,,,,,,,,,,,,,,,,,,,,,,,,,,,,,,,,,483.5072,486.5764,"[5,1,8,7,3,4,6,2]","[[0.3,0.2],[-0.3,0.2]]","[[0.125,-0.2],[-0.125,-0.2]]",-0.089814787,-0.231481481,1,0,0,2.563,o2_image,486.5768,0,487.0807,487.0808,489.0733,0,0,0,0,1,,,,,,,,,,,,,,,,,,,,,,,,,,,,,,,,,,,,,,,,,,,,,,,,,,
,,5ea1965fc546e204bb568292,,male,2024-04-24_12h31.48.743,stockport_simplified,2022.2.4,Win32,60.24096386,661e456ee6de07e70aa9ef7b,6628df89b8160f08a3f675cd,,,,,,,,,,,,,,,,,,,,,,,,,,,,,,,,,,,,,,,,,,,,,,,,,,,,,,,,1,32,92,39,1,A,Y,N,o1_image,stimuli/out1.png,stimuli/correct_out1.png,stimuli/out2.png,,,,,,,,,,,,,,,,,,,,,,,,,,,,,,,,,,,,,,
,,5ea1965fc546e204bb568292,,male,2024-04-24_12h31.48.743,stockport_simplified,2022.2.4,Win32,60.24096386,661e456ee6de07e70aa9ef7b,6628df89b8160f08a3f675cd,,,,,,,,,,,,,,,,,,,,,,,,,,,,,,,,,,489.0738,493.0055,"[5,1,8,7,3,4,6,2]","[[-0.3,0.2],[0.3,0.2]]","[[0.125,-0.2],[-0.125,-0.2]]",-0.089814787,-0.231481481,1,0,0,3.4153,o2_image,493.0064,1,493.5062,493.5063,495.5062,0,0,0,0,1,,,,,,,,,,,,,,,,,,,,,,,,,,,,,,,,,,,,,,,,,,,,,,,,,,
,,5ea1965fc546e204bb568292,,male,2024-04-24_12h31.48.743,stockport_simplified,2022.2.4,Win32,60.24096386,661e456ee6de07e70aa9ef7b,6628df89b8160f08a3f675cd,,,,,,,,,,,,,,,,,,,,,,,,,,,,,,,,,,,,,,,,,,,,,,,,,,,,,,,,1,33,93,49,1,B,Y,N,o2_image,stimuli/out2.png,stimuli/out1.png,stimuli/correct_out2.png,,,,,,,,,,,,,,,,,,,,,,,,,,,,,,,,,,,,,,
,,5ea1965fc546e204bb568292,,male,2024-04-24_12h31.48.743,stockport_simplified,2022.2.4,Win32,60.24096386,661e456ee6de07e70aa9ef7b,6628df89b8160f08a3f675cd,,,,,,,,,,,,,,,,,,,,,,,,,,,,,,,,,,495.5067,498.5227,"[5,1,8,7,3,4,6,2]","[[-0.3,0.2],[0.3,0.2]]","[[-0.125,-0.2],[0.125,-0.2]]",-0.089814787,-0.231481481,1,0,0,2.4992,o1_image,498.5233,1,499.0224,499.0224,501.0292,0,0,0,0,1,,,,,,,,,,,,,,,,,,,,,,,,,,,,,,,,,,,,,,,,,,,,,,,,,,
,,5ea1965fc546e204bb568292,,male,2024-04-24_12h31.48.743,stockport_simplified,2022.2.4,Win32,60.24096386,661e456ee6de07e70aa9ef7b,6628df89b8160f08a3f675cd,,,,,,,,,,,,,,,,,,,,,,,,,,,,,,,,,,,,,,,,,,,,,,,,,,,,,,,,1,34,94,9,1,A,Y,N,o1_image,stimuli/out1.png,stimuli/correct_out1.png,stimuli/out2.png,,,,,,,,,,,,,,,,,,,,,,,,,,,,,,,,,,,,,,
,,5ea1965fc546e204bb568292,,male,2024-04-24_12h31.48.743,stockport_simplified,2022.2.4,Win32,60.24096386,661e456ee6de07e70aa9ef7b,6628df89b8160f08a3f675cd,,,,,,,,,,,,,,,,,,,,,,,,,,,,,,,,,,501.0295,502.4883,"[5,1,8,7,3,4,6,2]","[[0.3,0.2],[-0.3,0.2]]","[[0.125,-0.2],[-0.125,-0.2]]",0.191666709,-0.202777792,1,0,0,0.9488,o1_image,502.4891,0,502.9892,502.9892,504.989,0,0,0,0,1,,,,,,,,,,,,,,,,,,,,,,,,,,,,,,,,,,,,,,,,,,,,,,,,,,
,,5ea1965fc546e204bb568292,,male,2024-04-24_12h31.48.743,stockport_simplified,2022.2.4,Win32,60.24096386,661e456ee6de07e70aa9ef7b,6628df89b8160f08a3f675cd,,,,,,,,,,,,,,,,,,,,,,,,,,,,,,,,,,,,,,,,,,,,,,,,,,,,,,,,1,35,95,26,1,N,M,D,o2_image,stimuli/out2.png,stimuli/out1.png,stimuli/correct_out2.png,,,,,,,,,,,,,,,,,,,,,,,,,,,,,,,,,,,,,,
,,5ea1965fc546e204bb568292,,male,2024-04-24_12h31.48.743,stockport_simplified,2022.2.4,Win32,60.24096386,661e456ee6de07e70aa9ef7b,6628df89b8160f08a3f675cd,,,,,,,,,,,,,,,,,,,,,,,,,,,,,,,,,,504.9894,506.6884,"[5,1,8,7,3,4,6,2]","[[0.3,0.2],[-0.3,0.2]]","[[-0.125,-0.2],[0.125,-0.2]]",-0.15370369,-0.143518519,1,0,0,1.1823,o1_image,506.6892,1,507.1889,507.1889,509.1917,0,0,0,0,1,,,,,,,,,,,,,,,,,,,,,,,,,,,,,,,,,,,,,,,,,,,,,,,,,,
,,5ea1965fc546e204bb568292,,male,2024-04-24_12h31.48.743,stockport_simplified,2022.2.4,Win32,60.24096386,661e456ee6de07e70aa9ef7b,6628df89b8160f08a3f675cd,,,,,,,,,,,,,,,,,,,,,,,,,,,,,,,,,,,,,,,,,,,,,,,,,,,,,,,,1,36,96,30,1,A,X,N,o1_image,stimuli/out1.png,stimuli/correct_out1.png,stimuli/out2.png,,,,,,,,,,,,,,,,,,,,,,,,,,,,,,,,,,,,,,
,,5ea1965fc546e204bb568292,,male,2024-04-24_12h31.48.743,stockport_simplified,2022.2.4,Win32,60.24096386,661e456ee6de07e70aa9ef7b,6628df89b8160f08a3f675cd,,,,,,,,,,,,,,,,,,,,,,,,,,,,,,,,,,509.1919,512.8543,"[5,1,8,7,3,4,6,2]","[[0.3,0.2],[-0.3,0.2]]","[[0.125,-0.2],[-0.125,-0.2]]",0.14907406,-0.175925926,1,0,0,3.1488,o1_image,512.8548,0,513.3546,513.3546,515.3619,0,0,0,0,1,,,,,,,,,,,,,,,,,,,,,,,,,,,,,,,,,,,,,,,,,,,,,,,,,,
,,5ea1965fc546e204bb568292,,male,2024-04-24_12h31.48.743,stockport_simplified,2022.2.4,Win32,60.24096386,661e456ee6de07e70aa9ef7b,6628df89b8160f08a3f675cd,,,,,,,,,,,,,,,,,,,,,,,,,,,,,,,,,,,,,,,,,,,,,,,,,,,,,,,,1,37,97,29,1,N,M,D,o2_image,stimuli/out2.png,stimuli/out1.png,stimuli/correct_out2.png,,,,,,,,,,,,,,,,,,,,,,,,,,,,,,,,,,,,,,
,,5ea1965fc546e204bb568292,,male,2024-04-24_12h31.48.743,stockport_simplified,2022.2.4,Win32,60.24096386,661e456ee6de07e70aa9ef7b,6628df89b8160f08a3f675cd,,,,,,,,,,,,,,,,,,,,,,,,,,,,,,,,,,515.3621,516.4876,"[5,1,8,7,3,4,6,2]","[[-0.3,0.2],[0.3,0.2]]","[[-0.125,-0.2],[0.125,-0.2]]",-0.06759255,-0.18240745,1,0,0,0.6097,o1_image,516.4884,0,516.988,516.9881,518.9875,0,0,0,0,1,,,,,,,,,,,,,,,,,,,,,,,,,,,,,,,,,,,,,,,,,,,,,,,,,,
,,5ea1965fc546e204bb568292,,male,2024-04-24_12h31.48.743,stockport_simplified,2022.2.4,Win32,60.24096386,661e456ee6de07e70aa9ef7b,6628df89b8160f08a3f675cd,,,,,,,,,,,,,,,,,,,,,,,,,,,,,,,,,,,,,,,,,,,,,,,,,,,,,,,,1,38,98,28,1,N,M,D,o2_image,stimuli/out2.png,stimuli/out1.png,stimuli/correct_out2.png,,,,,,,,,,,,,,,,,,,,,,,,,,,,,,,,,,,,,,
,,5ea1965fc546e204bb568292,,male,2024-04-24_12h31.48.743,stockport_simplified,2022.2.4,Win32,60.24096386,661e456ee6de07e70aa9ef7b,6628df89b8160f08a3f675cd,,,,,,,,,,,,,,,,,,,,,,,,,,,,,,,,,,518.9881,521.4375,"[5,1,8,7,3,4,6,2]","[[-0.3,0.2],[0.3,0.2]]","[[0.125,-0.2],[-0.125,-0.2]]",-0.040740755,-0.191666709,1,0,0,1.4402,o2_image,521.443,1,521.938,521.938,523.9376,0,0,0,0,1,,,,,,,,,,,,,,,,,,,,,,,,,,,,,,,,,,,,,,,,,,,,,,,,,,
,,5ea1965fc546e204bb568292,,male,2024-04-24_12h31.48.743,stockport_simplified,2022.2.4,Win32,60.24096386,661e456ee6de07e70aa9ef7b,6628df89b8160f08a3f675cd,,,,,,,,,,,,,,,,,,,,,,,,,,,,,,,,,,,,,,,,,,,,,,,,,,,,,,,,1,39,99,59,1,N,M,D,o2_image,stimuli/out2.png,stimuli/out1.png,stimuli/correct_out2.png,,,,,,,,,,,,,,,,,,,,,,,,,,,,,,,,,,,,,,
,,5ea1965fc546e204bb568292,,male,2024-04-24_12h31.48.743,stockport_simplified,2022.2.4,Win32,60.24096386,661e456ee6de07e70aa9ef7b,6628df89b8160f08a3f675cd,,,,,,,,,,,,,,,,,,,,,,,,,,,,,,,,,,523.9382,526.6873,"[5,1,8,7,3,4,6,2]","[[0.3,0.2],[-0.3,0.2]]","[[0.125,-0.2],[-0.125,-0.2]]",-0.126851824,-0.211111139,1,0,0,2.2265,o2_image,526.6882,1,527.1945,527.1945,529.1869,0,0,0,0,1,,,,,,,,,,,,,,,,,,,,,,,,,,,,,,,,,,,,,,,,,,,,,,,,,,
,,5ea1965fc546e204bb568292,,male,2024-04-24_12h31.48.743,stockport_simplified,2022.2.4,Win32,60.24096386,661e456ee6de07e70aa9ef7b,6628df89b8160f08a3f675cd,,,,,,,,,,,,,,,,,,,,,,,,,,,,,,,,,,,,,,,,,,,,,,,,,,,,,,,,1,40,100,56,1,N,M,D,o2_image,stimuli/out2.png,stimuli/out1.png,stimuli/correct_out2.png,,,,,,,,,,,,,,,,,,,,,,,,,,,,,,,,,,,,,,
,,5ea1965fc546e204bb568292,,male,2024-04-24_12h31.48.743,stockport_simplified,2022.2.4,Win32,60.24096386,661e456ee6de07e70aa9ef7b,6628df89b8160f08a3f675cd,,,,,,,,,,,,,,,,,,,,,,,,,,,,,,,,,,529.1877,531.0034,"[5,1,8,7,3,4,6,2]","[[-0.3,0.2],[0.3,0.2]]","[[0.125,-0.2],[-0.125,-0.2]]",-0.149999972,-0.183333362,1,0,0,1.299,o2_image,531.0043,1,531.5039,531.5039,533.5035,0,0,0,0,1,,,,,,,,,,,,,,,,,,,,,,,,,,,,,,,,,,,,,,,,,,,,,,,,,,
,,5ea1965fc546e204bb568292,,male,2024-04-24_12h31.48.743,stockport_simplified,2022.2.4,Win32,60.24096386,661e456ee6de07e70aa9ef7b,6628df89b8160f08a3f675cd,,,,,,,,,,,,,,,,,,,,,,,,,,,,,,,,,,,,,,,,,,,,,,,,,,,,,,,,1,41,101,15,1,B,Y,N,o2_image,stimuli/out2.png,stimuli/out1.png,stimuli/correct_out2.png,,,,,,,,,,,,,,,,,,,,,,,,,,,,,,,,,,,,,,
,,5ea1965fc546e204bb568292,,male,2024-04-24_12h31.48.743,stockport_simplified,2022.2.4,Win32,60.24096386,661e456ee6de07e70aa9ef7b,6628df89b8160f08a3f675cd,,,,,,,,,,,,,,,,,,,,,,,,,,,,,,,,,,533.5043,536.32,"[5,1,8,7,3,4,6,2]","[[0.3,0.2],[-0.3,0.2]]","[[0.125,-0.2],[-0.125,-0.2]]",-0.148148148,-0.229629658,1,0,0,2.2993,o2_image,536.3208,0,536.8108,536.8108,538.804,0,0,0,0,1,,,,,,,,,,,,,,,,,,,,,,,,,,,,,,,,,,,,,,,,,,,,,,,,,,
,,5ea1965fc546e204bb568292,,male,2024-04-24_12h31.48.743,stockport_simplified,2022.2.4,Win32,60.24096386,661e456ee6de07e70aa9ef7b,6628df89b8160f08a3f675cd,,,,,,,,,,,,,,,,,,,,,,,,,,,,,,,,,,,,,,,,,,,,,,,,,,,,,,,,1,42,102,32,1,A,X,N,o1_image,stimuli/out1.png,stimuli/correct_out1.png,stimuli/out2.png,,,,,,,,,,,,,,,,,,,,,,,,,,,,,,,,,,,,,,
,,5ea1965fc546e204bb568292,,male,2024-04-24_12h31.48.743,stockport_simplified,2022.2.4,Win32,60.24096386,661e456ee6de07e70aa9ef7b,6628df89b8160f08a3f675cd,,,,,,,,,,,,,,,,,,,,,,,,,,,,,,,,,,538.8045,541.0763,"[5,1,8,7,3,4,6,2]","[[-0.3,0.2],[0.3,0.2]]","[[-0.125,-0.2],[0.125,-0.2]]",0.127777806,-0.239814829,1,0,0,1.7553,o2_image,541.0765,1,541.577,541.577,543.5697,0,0,0,0,1,,,,,,,,,,,,,,,,,,,,,,,,,,,,,,,,,,,,,,,,,,,,,,,,,,
,,5ea1965fc546e204bb568292,,male,2024-04-24_12h31.48.743,stockport_simplified,2022.2.4,Win32,60.24096386,661e456ee6de07e70aa9ef7b,6628df89b8160f08a3f675cd,,,,,,,,,,,,,,,,,,,,,,,,,,,,,,,,,,,,,,,,,,,,,,,,,,,,,,,,1,43,103,57,1,N,M,D,o2_image,stimuli/out2.png,stimuli/out1.png,stimuli/correct_out2.png,,,,,,,,,,,,,,,,,,,,,,,,,,,,,,,,,,,,,,
,,5ea1965fc546e204bb568292,,male,2024-04-24_12h31.48.743,stockport_simplified,2022.2.4,Win32,60.24096386,661e456ee6de07e70aa9ef7b,6628df89b8160f08a3f675cd,,,,,,,,,,,,,,,,,,,,,,,,,,,,,,,,,,543.5704,545.3271,"[5,1,8,7,3,4,6,2]","[[-0.3,0.2],[0.3,0.2]]","[[0.125,-0.2],[-0.125,-0.2]]",0.07222225,-0.205555598,1,0,0,1.2402,o1_image,545.3275,1,545.8197,545.8198,547.8099,0,0,0,0,1,,,,,,,,,,,,,,,,,,,,,,,,,,,,,,,,,,,,,,,,,,,,,,,,,,
,,5ea1965fc546e204bb568292,,male,2024-04-24_12h31.48.743,stockport_simplified,2022.2.4,Win32,60.24096386,661e456ee6de07e70aa9ef7b,6628df89b8160f08a3f675cd,,,,,,,,,,,,,,,,,,,,,,,,,,,,,,,,,,,,,,,,,,,,,,,,,,,,,,,,1,44,104,52,1,N,M,C,o1_image,stimuli/out1.png,stimuli/correct_out1.png,stimuli/out2.png,,,,,,,,,,,,,,,,,,,,,,,,,,,,,,,,,,,,,,
,,5ea1965fc546e204bb568292,,male,2024-04-24_12h31.48.743,stockport_simplified,2022.2.4,Win32,60.24096386,661e456ee6de07e70aa9ef7b,6628df89b8160f08a3f675cd,,,,,,,,,,,,,,,,,,,,,,,,,,,,,,,,,,547.8102,549.0272,"[5,1,8,7,3,4,6,2]","[[-0.3,0.2],[0.3,0.2]]","[[0.125,-0.2],[-0.125,-0.2]]",-0.111111111,0.038888896,1,0,0,0.2002,o2_image,549.0276,1,549.5201,549.5201,551.527,0,0,0,0,1,,,,,,,,,,,,,,,,,,,,,,,,,,,,,,,,,,,,,,,,,,,,,,,,,,
,,5ea1965fc546e204bb568292,,male,2024-04-24_12h31.48.743,stockport_simplified,2022.2.4,Win32,60.24096386,661e456ee6de07e70aa9ef7b,6628df89b8160f08a3f675cd,,,,,,,,,,,,,,,,,,,,,,,,,,,,,,,,,,,,,,,,,,,,,,,,,,,,,,,,1,45,105,58,1,N,M,D,o2_image,stimuli/out2.png,stimuli/out1.png,stimuli/correct_out2.png,,,,,,,,,,,,,,,,,,,,,,,,,,,,,,,,,,,,,,
,,5ea1965fc546e204bb568292,,male,2024-04-24_12h31.48.743,stockport_simplified,2022.2.4,Win32,60.24096386,661e456ee6de07e70aa9ef7b,6628df89b8160f08a3f675cd,,,,,,,,,,,,,,,,,,,,,,,,,,,,,,,,,,551.5274,555.7856,"[5,1,8,7,3,4,6,2]","[[-0.3,0.2],[0.3,0.2]]","[[0.125,-0.2],[-0.125,-0.2]]",0.099074116,-0.19722225,1,0,0,3.7485,o1_image,555.791,1,556.2937,556.2938,558.2862,0,0,0,0,1,,,,,,,,,,,,,,,,,,,,,,,,,,,,,,,,,,,,,,,,,,,,,,,,,,
,,5ea1965fc546e204bb568292,,male,2024-04-24_12h31.48.743,stockport_simplified,2022.2.4,Win32,60.24096386,661e456ee6de07e70aa9ef7b,6628df89b8160f08a3f675cd,,,,,,,,,,,,,,,,,,,,,,,,,,,,,,,,,,,,,,,,,,,,,,,,,,,,,,,,1,46,106,2,1,A,X,N,o1_image,stimuli/out1.png,stimuli/correct_out1.png,stimuli/out2.png,,,,,,,,,,,,,,,,,,,,,,,,,,,,,,,,,,,,,,
,,5ea1965fc546e204bb568292,,male,2024-04-24_12h31.48.743,stockport_simplified,2022.2.4,Win32,60.24096386,661e456ee6de07e70aa9ef7b,6628df89b8160f08a3f675cd,,,,,,,,,,,,,,,,,,,,,,,,,,,,,,,,,,558.2868,562.0522,"[5,1,8,7,3,4,6,2]","[[0.3,0.2],[-0.3,0.2]]","[[-0.125,-0.2],[0.125,-0.2]]",-0.095370328,-0.22129631,1,0,0,3.2492,o1_image,562.0575,0,562.5525,562.5525,564.5521,0,0,0,0,1,,,,,,,,,,,,,,,,,,,,,,,,,,,,,,,,,,,,,,,,,,,,,,,,,,
,,5ea1965fc546e204bb568292,,male,2024-04-24_12h31.48.743,stockport_simplified,2022.2.4,Win32,60.24096386,661e456ee6de07e70aa9ef7b,6628df89b8160f08a3f675cd,,,,,,,,,,,,,,,,,,,,,,,,,,,,,,,,,,,,,,,,,,,,,,,,,,,,,,,,1,47,107,10,1,B,X,N,o2_image,stimuli/out2.png,stimuli/out1.png,stimuli/correct_out2.png,,,,,,,,,,,,,,,,,,,,,,,,,,,,,,,,,,,,,,
,,5ea1965fc546e204bb568292,,male,2024-04-24_12h31.48.743,stockport_simplified,2022.2.4,Win32,60.24096386,661e456ee6de07e70aa9ef7b,6628df89b8160f08a3f675cd,,,,,,,,,,,,,,,,,,,,,,,,,,,,,,,,,,564.5525,565.8092,"[5,1,8,7,3,4,6,2]","[[0.3,0.2],[-0.3,0.2]]","[[-0.125,-0.2],[0.125,-0.2]]",0.078703704,-0.292592578,1,0,0,0.7406,o2_image,565.8096,1,566.3086,566.3086,568.3023,0,0,0,0,1,,,,,,,,,,,,,,,,,,,,,,,,,,,,,,,,,,,,,,,,,,,,,,,,,,
,,5ea1965fc546e204bb568292,,male,2024-04-24_12h31.48.743,stockport_simplified,2022.2.4,Win32,60.24096386,661e456ee6de07e70aa9ef7b,6628df89b8160f08a3f675cd,,,,,,,,,,,,,,,,,,,,,,,,,,,,,,,,,,,,,,,,,,,,,,,,,,,,,,,,1,48,108,40,1,B,X,N,o2_image,stimuli/out2.png,stimuli/out1.png,stimuli/correct_out2.png,,,,,,,,,,,,,,,,,,,,,,,,,,,,,,,,,,,,,,
,,5ea1965fc546e204bb568292,,male,2024-04-24_12h31.48.743,stockport_simplified,2022.2.4,Win32,60.24096386,661e456ee6de07e70aa9ef7b,6628df89b8160f08a3f675cd,,,,,,,,,,,,,,,,,,,,,,,,,,,,,,,,,,568.3028,569.9182,"[5,1,8,7,3,4,6,2]","[[0.3,0.2],[-0.3,0.2]]","[[0.125,-0.2],[-0.125,-0.2]]",0.071296339,-0.287962949,1,0,0,1.0992,o1_image,569.9191,1,570.4253,570.4254,572.418,0,0,0,0,1,,,,,,,,,,,,,,,,,,,,,,,,,,,,,,,,,,,,,,,,,,,,,,,,,,
,,5ea1965fc546e204bb568292,,male,2024-04-24_12h31.48.743,stockport_simplified,2022.2.4,Win32,60.24096386,661e456ee6de07e70aa9ef7b,6628df89b8160f08a3f675cd,,,,,,,,,,,,,,,,,,,,,,,,,,,,,,,,,,,,,,,,,,,,,,,,,,,,,,,,1,49,109,51,1,N,M,C,o1_image,stimuli/out1.png,stimuli/correct_out1.png,stimuli/out2.png,,,,,,,,,,,,,,,,,,,,,,,,,,,,,,,,,,,,,,
,,5ea1965fc546e204bb568292,,male,2024-04-24_12h31.48.743,stockport_simplified,2022.2.4,Win32,60.24096386,661e456ee6de07e70aa9ef7b,6628df89b8160f08a3f675cd,,,,,,,,,,,,,,,,,,,,,,,,,,,,,,,,,,572.4187,574.0348,"[5,1,8,7,3,4,6,2]","[[-0.3,0.2],[0.3,0.2]]","[[-0.125,-0.2],[0.125,-0.2]]",0.064814815,-0.281481496,1,0,0,1.0995,o2_image,574.0356,1,574.5352,574.5352,576.5352,0,0,0,0,1,,,,,,,,,,,,,,,,,,,,,,,,,,,,,,,,,,,,,,,,,,,,,,,,,,
,,5ea1965fc546e204bb568292,,male,2024-04-24_12h31.48.743,stockport_simplified,2022.2.4,Win32,60.24096386,661e456ee6de07e70aa9ef7b,6628df89b8160f08a3f675cd,,,,,,,,,,,,,,,,,,,,,,,,,,,,,,,,,,,,,,,,,,,,,,,,,,,,,,,,1,50,110,47,1,B,Y,N,o2_image,stimuli/out2.png,stimuli/out1.png,stimuli/correct_out2.png,,,,,,,,,,,,,,,,,,,,,,,,,,,,,,,,,,,,,,
,,5ea1965fc546e204bb568292,,male,2024-04-24_12h31.48.743,stockport_simplified,2022.2.4,Win32,60.24096386,661e456ee6de07e70aa9ef7b,6628df89b8160f08a3f675cd,,,,,,,,,,,,,,,,,,,,,,,,,,,,,,,,,,576.5357,579.9177,"[5,1,8,7,3,4,6,2]","[[-0.3,0.2],[0.3,0.2]]","[[0.125,-0.2],[-0.125,-0.2]]",0.051851838,-0.287962949,1,0,0,2.8655,o1_image,579.9231,1,580.4184,580.4184,582.4177,0,0,0,0,1,,,,,,,,,,,,,,,,,,,,,,,,,,,,,,,,,,,,,,,,,,,,,,,,,,
,,5ea1965fc546e204bb568292,,male,2024-04-24_12h31.48.743,stockport_simplified,2022.2.4,Win32,60.24096386,661e456ee6de07e70aa9ef7b,6628df89b8160f08a3f675cd,,,,,,,,,,,,,,,,,,,,,,,,,,,,,,,,,,,,,,,,,,,,,,,,,,,,,,,,1,51,111,8,1,A,Y,N,o1_image,stimuli/out1.png,stimuli/correct_out1.png,stimuli/out2.png,,,,,,,,,,,,,,,,,,,,,,,,,,,,,,,,,,,,,,
,,5ea1965fc546e204bb568292,,male,2024-04-24_12h31.48.743,stockport_simplified,2022.2.4,Win32,60.24096386,661e456ee6de07e70aa9ef7b,6628df89b8160f08a3f675cd,,,,,,,,,,,,,,,,,,,,,,,,,,,,,,,,,,582.4183,584.0008,"[5,1,8,7,3,4,6,2]","[[0.3,0.2],[-0.3,0.2]]","[[-0.125,-0.2],[0.125,-0.2]]",0.125,-0.255555541,1,0,0,1.0659,o2_image,584.0016,0,584.5012,584.5012,586.4914,0,0,0,0,1,,,,,,,,,,,,,,,,,,,,,,,,,,,,,,,,,,,,,,,,,,,,,,,,,,
,,5ea1965fc546e204bb568292,,male,2024-04-24_12h31.48.743,stockport_simplified,2022.2.4,Win32,60.24096386,661e456ee6de07e70aa9ef7b,6628df89b8160f08a3f675cd,,,,,,,,,,,,,,,,,,,,,,,,,,,,,,,,,,,,,,,,,,,,,,,,,,,,,,,,1,52,112,1,1,A,X,N,o1_image,stimuli/out1.png,stimuli/correct_out1.png,stimuli/out2.png,,,,,,,,,,,,,,,,,,,,,,,,,,,,,,,,,,,,,,
,,5ea1965fc546e204bb568292,,male,2024-04-24_12h31.48.743,stockport_simplified,2022.2.4,Win32,60.24096386,661e456ee6de07e70aa9ef7b,6628df89b8160f08a3f675cd,,,,,,,,,,,,,,,,,,,,,,,,,,,,,,,,,,586.4916,587.858,"[5,1,8,7,3,4,6,2]","[[0.3,0.2],[-0.3,0.2]]","[[0.125,-0.2],[-0.125,-0.2]]",0.10092594,-0.209259245,1,0,0,0.8562,o1_image,587.8583,1,588.3508,588.351,590.3411,0,0,0,0,1,,,,,,,,,,,,,,,,,,,,,,,,,,,,,,,,,,,,,,,,,,,,,,,,,,
,,5ea1965fc546e204bb568292,,male,2024-04-24_12h31.48.743,stockport_simplified,2022.2.4,Win32,60.24096386,661e456ee6de07e70aa9ef7b,6628df89b8160f08a3f675cd,,,,,,,,,,,,,,,,,,,,,,,,,,,,,,,,,,,,,,,,,,,,,,,,,,,,,,,,1,53,113,20,1,N,M,C,o1_image,stimuli/out1.png,stimuli/correct_out1.png,stimuli/out2.png,,,,,,,,,,,,,,,,,,,,,,,,,,,,,,,,,,,,,,
,,5ea1965fc546e204bb568292,,male,2024-04-24_12h31.48.743,stockport_simplified,2022.2.4,Win32,60.24096386,661e456ee6de07e70aa9ef7b,6628df89b8160f08a3f675cd,,,,,,,,,,,,,,,,,,,,,,,,,,,,,,,,,,590.3415,591.7007,"[5,1,8,7,3,4,6,2]","[[-0.3,0.2],[0.3,0.2]]","[[-0.125,-0.2],[0.125,-0.2]]",-0.112037023,-0.291666667,1,0,0,0.849,o1_image,591.7015,1,592.1915,592.1916,594.1836,0,0,0,0,1,,,,,,,,,,,,,,,,,,,,,,,,,,,,,,,,,,,,,,,,,,,,,,,,,,
,,5ea1965fc546e204bb568292,,male,2024-04-24_12h31.48.743,stockport_simplified,2022.2.4,Win32,60.24096386,661e456ee6de07e70aa9ef7b,6628df89b8160f08a3f675cd,,,,,,,,,,,,,,,,,,,,,,,,,,,,,,,,,,,,,,,,,,,,,,,,,,,,,,,,1,54,114,35,1,A,Y,N,o1_image,stimuli/out1.png,stimuli/correct_out1.png,stimuli/out2.png,,,,,,,,,,,,,,,,,,,,,,,,,,,,,,,,,,,,,,
,,5ea1965fc546e204bb568292,,male,2024-04-24_12h31.48.743,stockport_simplified,2022.2.4,Win32,60.24096386,661e456ee6de07e70aa9ef7b,6628df89b8160f08a3f675cd,,,,,,,,,,,,,,,,,,,,,,,,,,,,,,,,,,594.1844,596.034,"[5,1,8,7,3,4,6,2]","[[-0.3,0.2],[0.3,0.2]]","[[-0.125,-0.2],[0.125,-0.2]]",0.058333362,-0.25,1,0,0,1.3329,o2_image,596.0346,1,596.5337,596.5337,598.5239,0,0,0,0,1,,,,,,,,,,,,,,,,,,,,,,,,,,,,,,,,,,,,,,,,,,,,,,,,,,
,,5ea1965fc546e204bb568292,,male,2024-04-24_12h31.48.743,stockport_simplified,2022.2.4,Win32,60.24096386,661e456ee6de07e70aa9ef7b,6628df89b8160f08a3f675cd,,,,,,,,,,,,,,,,,,,,,,,,,,,,,,,,,,,,,,,,,,,,,,,,,,,,,,,,1,55,115,41,1,B,X,N,o2_image,stimuli/out2.png,stimuli/out1.png,stimuli/correct_out2.png,,,,,,,,,,,,,,,,,,,,,,,,,,,,,,,,,,,,,,
,,5ea1965fc546e204bb568292,,male,2024-04-24_12h31.48.743,stockport_simplified,2022.2.4,Win32,60.24096386,661e456ee6de07e70aa9ef7b,6628df89b8160f08a3f675cd,,,,,,,,,,,,,,,,,,,,,,,,,,,,,,,,,,598.5242,601.7832,"[5,1,8,7,3,4,6,2]","[[0.3,0.2],[-0.3,0.2]]","[[0.125,-0.2],[-0.125,-0.2]]",0.162037037,-0.215740769,1,0,0,2.7492,o1_image,601.7889,1,602.2925,602.2925,604.2836,0,0,0,0,1,,,,,,,,,,,,,,,,,,,,,,,,,,,,,,,,,,,,,,,,,,,,,,,,,,
,,5ea1965fc546e204bb568292,,male,2024-04-24_12h31.48.743,stockport_simplified,2022.2.4,Win32,60.24096386,661e456ee6de07e70aa9ef7b,6628df89b8160f08a3f675cd,,,,,,,,,,,,,,,,,,,,,,,,,,,,,,,,,,,,,,,,,,,,,,,,,,,,,,,,1,56,116,3,1,A,X,N,o1_image,stimuli/out1.png,stimuli/correct_out1.png,stimuli/out2.png,,,,,,,,,,,,,,,,,,,,,,,,,,,,,,,,,,,,,,
,,5ea1965fc546e204bb568292,,male,2024-04-24_12h31.48.743,stockport_simplified,2022.2.4,Win32,60.24096386,661e456ee6de07e70aa9ef7b,6628df89b8160f08a3f675cd,,,,,,,,,,,,,,,,,,,,,,,,,,,,,,,,,,604.2841,607.2831,"[5,1,8,7,3,4,6,2]","[[0.3,0.2],[-0.3,0.2]]","[[0.125,-0.2],[-0.125,-0.2]]",0.136111153,-0.296296296,1,0,0,2.4939,o1_image,607.2839,0,607.7834,607.7835,609.7903,0,0,0,0,1,,,,,,,,,,,,,,,,,,,,,,,,,,,,,,,,,,,,,,,,,,,,,,,,,,
,,5ea1965fc546e204bb568292,,male,2024-04-24_12h31.48.743,stockport_simplified,2022.2.4,Win32,60.24096386,661e456ee6de07e70aa9ef7b,6628df89b8160f08a3f675cd,,,,,,,,,,,,,,,,,,,,,,,,,,,,,,,,,,,,,,,,,,,,,,,,,,,,,,,,1,57,117,48,1,B,Y,N,o2_image,stimuli/out2.png,stimuli/out1.png,stimuli/correct_out2.png,,,,,,,,,,,,,,,,,,,,,,,,,,,,,,,,,,,,,,
,,5ea1965fc546e204bb568292,,male,2024-04-24_12h31.48.743,stockport_simplified,2022.2.4,Win32,60.24096386,661e456ee6de07e70aa9ef7b,6628df89b8160f08a3f675cd,,,,,,,,,,,,,,,,,,,,,,,,,,,,,,,,,,609.7906,611.3828,"[5,1,8,7,3,4,6,2]","[[-0.3,0.2],[0.3,0.2]]","[[-0.125,-0.2],[0.125,-0.2]]",0.100142282,-0.197297315,1,0,0,1.0826,o2_image,611.3835,1,611.8825,611.8825,613.8726,0,0,0,0,1,,,,,,,,,,,,,,,,,,,,,,,,,,,,,,,,,,,,,,,,,,,,,,,,,,
,,5ea1965fc546e204bb568292,,male,2024-04-24_12h31.48.743,stockport_simplified,2022.2.4,Win32,60.24096386,661e456ee6de07e70aa9ef7b,6628df89b8160f08a3f675cd,,,,,,,,,,,,,,,,,,,,,,,,,,,,,,,,,,,,,,,,,,,,,,,,,,,,,,,,1,58,118,16,1,B,Y,N,o2_image,stimuli/out2.png,stimuli/out1.png,stimuli/correct_out2.png,,,,,,,,,,,,,,,,,,,,,,,,,,,,,,,,,,,,,,
,,5ea1965fc546e204bb568292,,male,2024-04-24_12h31.48.743,stockport_simplified,2022.2.4,Win32,60.24096386,661e456ee6de07e70aa9ef7b,6628df89b8160f08a3f675cd,,,,,,,,,,,,,,,,,,,,,,,,,,,,,,,,,,613.8729,619.0819,"[5,1,8,7,3,4,6,2]","[[-0.3,0.2],[0.3,0.2]]","[[-0.125,-0.2],[0.125,-0.2]]",-0.112660046,-0.193883383,1,0,0,4.6985,o1_image,619.0829,0,619.5889,619.589,621.5821,0,0,0,0,1,,,,,,,,,,,,,,,,,,,,,,,,,,,,,,,,,,,,,,,,,,,,,,,,,,
,,5ea1965fc546e204bb568292,,male,2024-04-24_12h31.48.743,stockport_simplified,2022.2.4,Win32,60.24096386,661e456ee6de07e70aa9ef7b,6628df89b8160f08a3f675cd,,,,,,,,,,,,,,,,,,,,,,,,,,,,,,,,,,,,,,,,,,,,,,,,,,,,,,,,1,59,119,44,1,B,X,N,o2_image,stimuli/out2.png,stimuli/out1.png,stimuli/correct_out2.png,,,,,,,,,,,,,,,,,,,,,,,,,,,,,,,,,,,,,,
,,5ea1965fc546e204bb568292,,male,2024-04-24_12h31.48.743,stockport_simplified,2022.2.4,Win32,60.24096386,661e456ee6de07e70aa9ef7b,6628df89b8160f08a3f675cd,,,,,,,,,,,,,,,,,,,,,,,,,,,,,,,,,,621.5897,624.6989,"[5,1,8,7,3,4,6,2]","[[-0.3,0.2],[0.3,0.2]]","[[-0.125,-0.2],[0.125,-0.2]]",-0.070554731,-0.22688478,1,0,0,2.5997,o1_image,624.6998,1,625.1989,625.199,627.1987,,,,,,,,,,,,,,,,,,0,0,0,0,1,,,,,,,,,,,,,,,,,,,,,,,,,,,,,,,,,
,,5ea1965fc546e204bb568292,,male,2024-04-24_12h31.48.743,stockport_simplified,2022.2.4,Win32,60.24096386,661e456ee6de07e70aa9ef7b,6628df89b8160f08a3f675cd,,,,,,,,,,,,,,,,,,,,,,,,,,,,,,,,,,,,,,,,,,,,,,,,,,,,,,,,,,,,,N,M,C,o1_image,stimuli/out1.png,stimuli/correct_out1.png,stimuli/out2.png,,,,,,0,0,0,41,1,,,,,,,,,,,,,,,,,,,,,,,,,,,,
,,5ea1965fc546e204bb568292,,male,2024-04-24_12h31.48.743,stockport_simplified,2022.2.4,Win32,60.24096386,661e456ee6de07e70aa9ef7b,6628df89b8160f08a3f675cd,,,,,,,,,,,,,,,,,,,,,,,,,,,,,,,,,,627.1994,629.5983,"[5,1,8,7,3,4,6,2]","[[0.3,0.2],[-0.3,0.2]]","[[0.125,-0.2],[-0.125,-0.2]]",0.089900444,-0.237126618,1,0,0,1.8821,o1_image,629.6039,1,630.0984,630.0985,632.1046,,,,,,,,,,,,,,,,,,0,0,0,0,1,,,,,,,,,,,,,,,,,,,,,,,,,,,,,,,,,
,,5ea1965fc546e204bb568292,,male,2024-04-24_12h31.48.743,stockport_simplified,2022.2.4,Win32,60.24096386,661e456ee6de07e70aa9ef7b,6628df89b8160f08a3f675cd,,,,,,,,,,,,,,,,,,,,,,,,,,,,,,,,,,,,,,,,,,,,,,,,,,,,,,,,,,,,,N,M,C,o1_image,stimuli/out1.png,stimuli/correct_out1.png,stimuli/out2.png,,,,,,0,1,1,40,1,,,,,,,,,,,,,,,,,,,,,,,,,,,,
,,5ea1965fc546e204bb568292,,male,2024-04-24_12h31.48.743,stockport_simplified,2022.2.4,Win32,60.24096386,661e456ee6de07e70aa9ef7b,6628df89b8160f08a3f675cd,,,,,,,,,,,,,,,,,,,,,,,,,,,,,,,,,,632.1048,634.2146,"[5,1,8,7,3,4,6,2]","[[-0.3,0.2],[0.3,0.2]]","[[0.125,-0.2],[-0.125,-0.2]]",0.142247511,-0.223470935,1,0,0,1.5987,o1_image,634.2154,1,634.7147,634.7148,636.7148,,,,,,,,,,,,,,,,,,0,0,0,0,1,,,,,,,,,,,,,,,,,,,,,,,,,,,,,,,,,
,,5ea1965fc546e204bb568292,,male,2024-04-24_12h31.48.743,stockport_simplified,2022.2.4,Win32,60.24096386,661e456ee6de07e70aa9ef7b,6628df89b8160f08a3f675cd,,,,,,,,,,,,,,,,,,,,,,,,,,,,,,,,,,,,,,,,,,,,,,,,,,,,,,,,,,,,,A,Y,N,o1_image,stimuli/out1.png,stimuli/correct_out1.png,stimuli/out2.png,,,,,,0,2,2,10,1,,,,,,,,,,,,,,,,,,,,,,,,,,,,
,,5ea1965fc546e204bb568292,,male,2024-04-24_12h31.48.743,stockport_simplified,2022.2.4,Win32,60.24096386,661e456ee6de07e70aa9ef7b,6628df89b8160f08a3f675cd,,,,,,,,,,,,,,,,,,,,,,,,,,,,,,,,,,636.7153,638.7036,"[5,1,8,7,3,4,6,2]","[[0.3,0.2],[-0.3,0.2]]","[[0.125,-0.2],[-0.125,-0.2]]",0.139971585,-0.325889099,1,0,0,1.0539,o1_image,638.704,1,639.1983,639.1983,641.198,,,,,,,,,,,,,,,,,,0,0,0,0,1,,,,,,,,,,,,,,,,,,,,,,,,,,,,,,,,,
,,5ea1965fc546e204bb568292,,male,2024-04-24_12h31.48.743,stockport_simplified,2022.2.4,Win32,60.24096386,661e456ee6de07e70aa9ef7b,6628df89b8160f08a3f675cd,,,,,,,,,,,,,,,,,,,,,,,,,,,,,,,,,,,,,,,,,,,,,,,,,,,,,,,,,,,,,A,Y,N,o1_image,stimuli/out1.png,stimuli/correct_out1.png,stimuli/out2.png,,,,,,0,3,3,15,1,,,,,,,,,,,,,,,,,,,,,,,,,,,,
,,5ea1965fc546e204bb568292,,male,2024-04-24_12h31.48.743,stockport_simplified,2022.2.4,Win32,60.24096386,661e456ee6de07e70aa9ef7b,6628df89b8160f08a3f675cd,,,,,,,,,,,,,,,,,,,,,,,,,,,,,,,,,,641.1988,644.6809,"[5,1,8,7,3,4,6,2]","[[-0.3,0.2],[0.3,0.2]]","[[0.125,-0.2],[-0.125,-0.2]]",-0.259459407,-0.188193483,1,0,0,2.5656,o2_image,644.6865,1,645.181,645.181,647.1809,,,,,,,,,,,,,,,,,,0,0,0,0,1,,,,,,,,,,,,,,,,,,,,,,,,,,,,,,,,,
,,5ea1965fc546e204bb568292,,male,2024-04-24_12h31.48.743,stockport_simplified,2022.2.4,Win32,60.24096386,661e456ee6de07e70aa9ef7b,6628df89b8160f08a3f675cd,,,,,,,,,,,,,,,,,,,,,,,,,,,,,,,,,,,,,,,,,,,,,,,,,,,,,,,,,,,,,B,X,N,o2_image,stimuli/out2.png,stimuli/out1.png,stimuli/correct_out2.png,,,,,,0,4,4,23,1,,,,,,,,,,,,,,,,,,,,,,,,,,,,
,,5ea1965fc546e204bb568292,,male,2024-04-24_12h31.48.743,stockport_simplified,2022.2.4,Win32,60.24096386,661e456ee6de07e70aa9ef7b,6628df89b8160f08a3f675cd,,,,,,,,,,,,,,,,,,,,,,,,,,,,,,,,,,647.1813,648.6141,"[5,1,8,7,3,4,6,2]","[[-0.3,0.2],[0.3,0.2]]","[[-0.125,-0.2],[0.125,-0.2]]",-0.112660046,-0.195021433,1,0,0,0.916,o1_image,648.615,1,649.1197,649.1197,651.1144,,,,,,,,,,,,,,,,,,0,0,0,0,1,,,,,,,,,,,,,,,,,,,,,,,,,,,,,,,,,
,,5ea1965fc546e204bb568292,,male,2024-04-24_12h31.48.743,stockport_simplified,2022.2.4,Win32,60.24096386,661e456ee6de07e70aa9ef7b,6628df89b8160f08a3f675cd,,,,,,,,,,,,,,,,,,,,,,,,,,,,,,,,,,,,,,,,,,,,,,,,,,,,,,,,,,,,,B,X,N,o1_image,stimuli/out1.png,stimuli/correct_out1.png,stimuli/out2.png,,,,,,0,5,5,27,1,,,,,,,,,,,,,,,,,,,,,,,,,,,,
,,5ea1965fc546e204bb568292,,male,2024-04-24_12h31.48.743,stockport_simplified,2022.2.4,Win32,60.24096386,661e456ee6de07e70aa9ef7b,6628df89b8160f08a3f675cd,,,,,,,,,,,,,,,,,,,,,,,,,,,,,,,,,,651.1148,652.8301,"[5,1,8,7,3,4,6,2]","[[0.3,0.2],[-0.3,0.2]]","[[-0.125,-0.2],[0.125,-0.2]]",0.190042726,-0.202987215,1,0,0,1.1987,o2_image,652.8309,0,653.3198,653.3198,655.3137,,,,,,,,,,,,,,,,,,0,0,0,0,1,,,,,,,,,,,,,,,,,,,,,,,,,,,,,,,,,
,,5ea1965fc546e204bb568292,,male,2024-04-24_12h31.48.743,stockport_simplified,2022.2.4,Win32,60.24096386,661e456ee6de07e70aa9ef7b,6628df89b8160f08a3f675cd,,,,,,,,,,,,,,,,,,,,,,,,,,,,,,,,,,,,,,,,,,,,,,,,,,,,,,,,,,,,,A,Y,N,o1_image,stimuli/out1.png,stimuli/correct_out1.png,stimuli/out2.png,,,,,,0,6,6,11,1,,,,,,,,,,,,,,,,,,,,,,,,,,,,
,,5ea1965fc546e204bb568292,,male,2024-04-24_12h31.48.743,stockport_simplified,2022.2.4,Win32,60.24096386,661e456ee6de07e70aa9ef7b,6628df89b8160f08a3f675cd,,,,,,,,,,,,,,,,,,,,,,,,,,,,,,,,,,655.3144,657.8299,"[5,1,8,7,3,4,6,2]","[[0.3,0.2],[-0.3,0.2]]","[[0.125,-0.2],[-0.125,-0.2]]",0.143385473,-0.207539109,1,0,0,1.9991,o1_image,657.8353,0,658.3304,658.3306,660.3303,,,,,,,,,,,,,,,,,,0,0,0,0,1,,,,,,,,,,,,,,,,,,,,,,,,,,,,,,,,,
,,5ea1965fc546e204bb568292,,male,2024-04-24_12h31.48.743,stockport_simplified,2022.2.4,Win32,60.24096386,661e456ee6de07e70aa9ef7b,6628df89b8160f08a3f675cd,,,,,,,,,,,,,,,,,,,,,,,,,,,,,,,,,,,,,,,,,,,,,,,,,,,,,,,,,,,,,A,X,N,o2_image,stimuli/out2.png,stimuli/out1.png,stimuli/correct_out2.png,,,,,,0,7,7,5,1,,,,,,,,,,,,,,,,,,,,,,,,,,,,
,,5ea1965fc546e204bb568292,,male,2024-04-24_12h31.48.743,stockport_simplified,2022.2.4,Win32,60.24096386,661e456ee6de07e70aa9ef7b,6628df89b8160f08a3f675cd,,,,,,,,,,,,,,,,,,,,,,,,,,,,,,,,,,660.3309,662.6302,"[5,1,8,7,3,4,6,2]","[[0.3,0.2],[-0.3,0.2]]","[[0.125,-0.2],[-0.125,-0.2]]",-0.10355617,-0.217781034,1,0,0,1.7834,o2_image,662.6311,1,663.1201,663.1201,665.1133,,,,,,,,,,,,,,,,,,0,0,0,0,1,,,,,,,,,,,,,,,,,,,,,,,,,,,,,,,,,
,,5ea1965fc546e204bb568292,,male,2024-04-24_12h31.48.743,stockport_simplified,2022.2.4,Win32,60.24096386,661e456ee6de07e70aa9ef7b,6628df89b8160f08a3f675cd,,,,,,,,,,,,,,,,,,,,,,,,,,,,,,,,,,,,,,,,,,,,,,,,,,,,,,,,,,,,,A,X,N,o2_image,stimuli/out2.png,stimuli/out1.png,stimuli/correct_out2.png,,,,,,0,8,8,8,1,,,,,,,,,,,,,,,,,,,,,,,,,,,,
,,5ea1965fc546e204bb568292,,male,2024-04-24_12h31.48.743,stockport_simplified,2022.2.4,Win32,60.24096386,661e456ee6de07e70aa9ef7b,6628df89b8160f08a3f675cd,,,,,,,,,,,,,,,,,,,,,,,,,,,,,,,,,,665.1138,668.9629,"[5,1,8,7,3,4,6,2]","[[-0.3,0.2],[0.3,0.2]]","[[-0.125,-0.2],[0.125,-0.2]]",-0.118349946,-0.235988655,1,0,0,3.3322,o1_image,668.9683,1,669.4632,669.4633,671.4631,,,,,,,,,,,,,,,,,,0,0,0,0,1,,,,,,,,,,,,,,,,,,,,,,,,,,,,,,,,,
,,5ea1965fc546e204bb568292,,male,2024-04-24_12h31.48.743,stockport_simplified,2022.2.4,Win32,60.24096386,661e456ee6de07e70aa9ef7b,6628df89b8160f08a3f675cd,,,,,,,,,,,,,,,,,,,,,,,,,,,,,,,,,,,,,,,,,,,,,,,,,,,,,,,,,,,,,A,Y,N,o1_image,stimuli/out1.png,stimuli/correct_out1.png,stimuli/out2.png,,,,,,0,9,9,16,1,,,,,,,,,,,,,,,,,,,,,,,,,,,,
,,5ea1965fc546e204bb568292,,male,2024-04-24_12h31.48.743,stockport_simplified,2022.2.4,Win32,60.24096386,661e456ee6de07e70aa9ef7b,6628df89b8160f08a3f675cd,,,,,,,,,,,,,,,,,,,,,,,,,,,,,,,,,,671.4636,675.4624,"[5,1,8,7,3,4,6,2]","[[0.3,0.2],[-0.3,0.2]]","[[0.125,-0.2],[-0.125,-0.2]]",0.134281685,-0.212091134,1,0,0,3.4824,o1_image,675.468,1,675.9629,675.9631,677.963,,,,,,,,,,,,,,,,,,0,0,0,0,1,,,,,,,,,,,,,,,,,,,,,,,,,,,,,,,,,
,,5ea1965fc546e204bb568292,,male,2024-04-24_12h31.48.743,stockport_simplified,2022.2.4,Win32,60.24096386,661e456ee6de07e70aa9ef7b,6628df89b8160f08a3f675cd,,,,,,,,,,,,,,,,,,,,,,,,,,,,,,,,,,,,,,,,,,,,,,,,,,,,,,,,,,,,,N,M,C,o1_image,stimuli/out1.png,stimuli/correct_out1.png,stimuli/out2.png,,,,,,0,10,10,43,1,,,,,,,,,,,,,,,,,,,,,,,,,,,,
,,5ea1965fc546e204bb568292,,male,2024-04-24_12h31.48.743,stockport_simplified,2022.2.4,Win32,60.24096386,661e456ee6de07e70aa9ef7b,6628df89b8160f08a3f675cd,,,,,,,,,,,,,,,,,,,,,,,,,,,,,,,,,,677.9633,679.5791,"[5,1,8,7,3,4,6,2]","[[-0.3,0.2],[0.3,0.2]]","[[-0.125,-0.2],[0.125,-0.2]]",-0.147937411,-0.208677116,1,0,0,1.0954,o1_image,679.5799,1,680.0791,680.0791,682.0687,,,,,,,,,,,,,,,,,,0,0,0,0,1,,,,,,,,,,,,,,,,,,,,,,,,,,,,,,,,,
,,5ea1965fc546e204bb568292,,male,2024-04-24_12h31.48.743,stockport_simplified,2022.2.4,Win32,60.24096386,661e456ee6de07e70aa9ef7b,6628df89b8160f08a3f675cd,,,,,,,,,,,,,,,,,,,,,,,,,,,,,,,,,,,,,,,,,,,,,,,,,,,,,,,,,,,,,N,M,C,o1_image,stimuli/out1.png,stimuli/correct_out1.png,stimuli/out2.png,,,,,,0,11,11,45,1,,,,,,,,,,,,,,,,,,,,,,,,,,,,
,,5ea1965fc546e204bb568292,,male,2024-04-24_12h31.48.743,stockport_simplified,2022.2.4,Win32,60.24096386,661e456ee6de07e70aa9ef7b,6628df89b8160f08a3f675cd,,,,,,,,,,,,,,,,,,,,,,,,,,,,,,,,,,682.0689,683.8956,"[5,1,8,7,3,4,6,2]","[[0.3,0.2],[-0.3,0.2]]","[[0.125,-0.2],[-0.125,-0.2]]",0.064864917,-0.210953084,1,0,0,1.3108,o1_image,683.8963,0,684.4019,684.4019,686.3959,,,,,,,,,,,,,,,,,,0,0,0,0,1,,,,,,,,,,,,,,,,,,,,,,,,,,,,,,,,,
,,5ea1965fc546e204bb568292,,male,2024-04-24_12h31.48.743,stockport_simplified,2022.2.4,Win32,60.24096386,661e456ee6de07e70aa9ef7b,6628df89b8160f08a3f675cd,,,,,,,,,,,,,,,,,,,,,,,,,,,,,,,,,,,,,,,,,,,,,,,,,,,,,,,,,,,,,N,M,D,o2_image,stimuli/out2.png,stimuli/out1.png,stimuli/correct_out2.png,,,,,,0,12,12,54,1,,,,,,,,,,,,,,,,,,,,,,,,,,,,
,,5ea1965fc546e204bb568292,,male,2024-04-24_12h31.48.743,stockport_simplified,2022.2.4,Win32,60.24096386,661e456ee6de07e70aa9ef7b,6628df89b8160f08a3f675cd,,,,,,,,,,,,,,,,,,,,,,,,,,,,,,,,,,686.3963,687.8453,"[5,1,8,7,3,4,6,2]","[[-0.3,0.2],[0.3,0.2]]","[[-0.125,-0.2],[0.125,-0.2]]",0.171834976,-0.239402543,1,0,0,0.9326,o2_image,687.8461,1,688.3459,688.3459,690.3456,,,,,,,,,,,,,,,,,,0,0,0,0,1,,,,,,,,,,,,,,,,,,,,,,,,,,,,,,,,,
,,5ea1965fc546e204bb568292,,male,2024-04-24_12h31.48.743,stockport_simplified,2022.2.4,Win32,60.24096386,661e456ee6de07e70aa9ef7b,6628df89b8160f08a3f675cd,,,,,,,,,,,,,,,,,,,,,,,,,,,,,,,,,,,,,,,,,,,,,,,,,,,,,,,,,,,,,B,Y,N,o2_image,stimuli/out2.png,stimuli/out1.png,stimuli/correct_out2.png,,,,,,0,13,13,32,1,,,,,,,,,,,,,,,,,,,,,,,,,,,,
,,5ea1965fc546e204bb568292,,male,2024-04-24_12h31.48.743,stockport_simplified,2022.2.4,Win32,60.24096386,661e456ee6de07e70aa9ef7b,6628df89b8160f08a3f675cd,,,,,,,,,,,,,,,,,,,,,,,,,,,,,,,,,,690.3459,691.8516,"[5,1,8,7,3,4,6,2]","[[0.3,0.2],[-0.3,0.2]]","[[0.125,-0.2],[-0.125,-0.2]]",-0.079658606,-0.234850692,1,0,0,0.989,o2_image,691.852,1,692.3453,692.3454,694.3448,,,,,,,,,,,,,,,,,,0,0,0,0,1,,,,,,,,,,,,,,,,,,,,,,,,,,,,,,,,,
,,5ea1965fc546e204bb568292,,male,2024-04-24_12h31.48.743,stockport_simplified,2022.2.4,Win32,60.24096386,661e456ee6de07e70aa9ef7b,6628df89b8160f08a3f675cd,,,,,,,,,,,,,,,,,,,,,,,,,,,,,,,,,,,,,,,,,,,,,,,,,,,,,,,,,,,,,N,M,D,o2_image,stimuli/out2.png,stimuli/out1.png,stimuli/correct_out2.png,,,,,,0,14,14,58,1,,,,,,,,,,,,,,,,,,,,,,,,,,,,
,,5ea1965fc546e204bb568292,,male,2024-04-24_12h31.48.743,stockport_simplified,2022.2.4,Win32,60.24096386,661e456ee6de07e70aa9ef7b,6628df89b8160f08a3f675cd,,,,,,,,,,,,,,,,,,,,,,,,,,,,,,,,,,694.3454,696.3948,"[5,1,8,7,3,4,6,2]","[[0.3,0.2],[-0.3,0.2]]","[[0.125,-0.2],[-0.125,-0.2]]",0.06600288,-0.235988655,1,0,0,1.5328,o1_image,696.3956,0,696.8951,696.8951,698.9009,,,,,,,,,,,,,,,,,,0,0,0,0,1,,,,,,,,,,,,,,,,,,,,,,,,,,,,,,,,,
,,5ea1965fc546e204bb568292,,male,2024-04-24_12h31.48.743,stockport_simplified,2022.2.4,Win32,60.24096386,661e456ee6de07e70aa9ef7b,6628df89b8160f08a3f675cd,,,,,,,,,,,,,,,,,,,,,,,,,,,,,,,,,,,,,,,,,,,,,,,,,,,,,,,,,,,,,N,M,D,o2_image,stimuli/out2.png,stimuli/out1.png,stimuli/correct_out2.png,,,,,,0,15,15,57,1,,,,,,,,,,,,,,,,,,,,,,,,,,,,
,,5ea1965fc546e204bb568292,,male,2024-04-24_12h31.48.743,stockport_simplified,2022.2.4,Win32,60.24096386,661e456ee6de07e70aa9ef7b,6628df89b8160f08a3f675cd,,,,,,,,,,,,,,,,,,,,,,,,,,,,,,,,,,698.9011,700.9174,"[5,1,8,7,3,4,6,2]","[[-0.3,0.2],[0.3,0.2]]","[[-0.125,-0.2],[0.125,-0.2]]",0.093314419,-0.205263184,1,0,0,1.5058,o2_image,700.9179,1,701.4118,701.4119,703.4113,,,,,,,,,,,,,,,,,,0,0,0,0,1,,,,,,,,,,,,,,,,,,,,,,,,,,,,,,,,,
,,5ea1965fc546e204bb568292,,male,2024-04-24_12h31.48.743,stockport_simplified,2022.2.4,Win32,60.24096386,661e456ee6de07e70aa9ef7b,6628df89b8160f08a3f675cd,,,,,,,,,,,,,,,,,,,,,,,,,,,,,,,,,,,,,,,,,,,,,,,,,,,,,,,,,,,,,N,M,D,o2_image,stimuli/out2.png,stimuli/out1.png,stimuli/correct_out2.png,,,,,,0,16,16,59,1,,,,,,,,,,,,,,,,,,,,,,,,,,,,
,,5ea1965fc546e204bb568292,,male,2024-04-24_12h31.48.743,stockport_simplified,2022.2.4,Win32,60.24096386,661e456ee6de07e70aa9ef7b,6628df89b8160f08a3f675cd,,,,,,,,,,,,,,,,,,,,,,,,,,,,,,,,,,703.4118,704.8445,"[5,1,8,7,3,4,6,2]","[[0.3,0.2],[-0.3,0.2]]","[[-0.125,-0.2],[0.125,-0.2]]",0.062588905,-0.206401233,1,0,0,0.9156,o2_image,704.8452,1,705.3448,705.3448,707.3444,,,,,,,,,,,,,,,,,,0,0,0,0,1,,,,,,,,,,,,,,,,,,,,,,,,,,,,,,,,,
,,5ea1965fc546e204bb568292,,male,2024-04-24_12h31.48.743,stockport_simplified,2022.2.4,Win32,60.24096386,661e456ee6de07e70aa9ef7b,6628df89b8160f08a3f675cd,,,,,,,,,,,,,,,,,,,,,,,,,,,,,,,,,,,,,,,,,,,,,,,,,,,,,,,,,,,,,B,Y,N,o2_image,stimuli/out2.png,stimuli/out1.png,stimuli/correct_out2.png,,,,,,0,17,17,39,1,,,,,,,,,,,,,,,,,,,,,,,,,,,,
,,5ea1965fc546e204bb568292,,male,2024-04-24_12h31.48.743,stockport_simplified,2022.2.4,Win32,60.24096386,661e456ee6de07e70aa9ef7b,6628df89b8160f08a3f675cd,,,,,,,,,,,,,,,,,,,,,,,,,,,,,,,,,,707.345,710.2777,"[5,1,8,7,3,4,6,2]","[[0.3,0.2],[-0.3,0.2]]","[[-0.125,-0.2],[0.125,-0.2]]",0.174110988,-0.181365576,1,0,0,1.4986,o2_image,710.2833,1,710.7836,710.7836,712.7773,,,,,,,,,,,,,,,,,,0,0,0,0,1,,,,,,,,,,,,,,,,,,,,,,,,,,,,,,,,,
,,5ea1965fc546e204bb568292,,male,2024-04-24_12h31.48.743,stockport_simplified,2022.2.4,Win32,60.24096386,661e456ee6de07e70aa9ef7b,6628df89b8160f08a3f675cd,,,,,,,,,,,,,,,,,,,,,,,,,,,,,,,,,,,,,,,,,,,,,,,,,,,,,,,,,,,,,A,X,N,o2_image,stimuli/out2.png,stimuli/out1.png,stimuli/correct_out2.png,,,,,,0,18,18,9,1,,,,,,,,,,,,,,,,,,,,,,,,,,,,
,,5ea1965fc546e204bb568292,,male,2024-04-24_12h31.48.743,stockport_simplified,2022.2.4,Win32,60.24096386,661e456ee6de07e70aa9ef7b,6628df89b8160f08a3f675cd,,,,,,,,,,,,,,,,,,,,,,,,,,,,,,,,,,712.7781,714.017,"[5,1,8,7,3,4,6,2]","[[-0.3,0.2],[0.3,0.2]]","[[-0.125,-0.2],[0.125,-0.2]]",0.083072581,-0.224608811,1,0,0,0.7225,o2_image,714.0174,1,714.5161,714.5161,716.5104,,,,,,,,,,,,,,,,,,0,0,0,0,1,,,,,,,,,,,,,,,,,,,,,,,,,,,,,,,,,
,,5ea1965fc546e204bb568292,,male,2024-04-24_12h31.48.743,stockport_simplified,2022.2.4,Win32,60.24096386,661e456ee6de07e70aa9ef7b,6628df89b8160f08a3f675cd,,,,,,,,,,,,,,,,,,,,,,,,,,,,,,,,,,,,,,,,,,,,,,,,,,,,,,,,,,,,,B,Y,N,o2_image,stimuli/out2.png,stimuli/out1.png,stimuli/correct_out2.png,,,,,,0,19,19,36,1,,,,,,,,,,,,,,,,,,,,,,,,,,,,
,,5ea1965fc546e204bb568292,,male,2024-04-24_12h31.48.743,stockport_simplified,2022.2.4,Win32,60.24096386,661e456ee6de07e70aa9ef7b,6628df89b8160f08a3f675cd,,,,,,,,,,,,,,,,,,,,,,,,,,,,,,,,,,716.5111,719.0933,"[5,1,8,7,3,4,6,2]","[[-0.3,0.2],[0.3,0.2]]","[[-0.125,-0.2],[0.125,-0.2]]",0.073968706,-0.222332885,1,0,0,2.0659,o2_image,719.0938,1,719.5942,719.5943,721.5942,,,,,,,,,,,,,,,,,,0,0,0,0,1,,,,,,,,,,,,,,,,,,,,,,,,,,,,,,,,,
,,5ea1965fc546e204bb568292,,male,2024-04-24_12h31.48.743,stockport_simplified,2022.2.4,Win32,60.24096386,661e456ee6de07e70aa9ef7b,6628df89b8160f08a3f675cd,,,,,,,,,,,,,,,,,,,,,,,,,,,,,,,,,,,,,,,,,,,,,,,,,,,,,,,,,,,,,N,M,D,o2_image,stimuli/out2.png,stimuli/out1.png,stimuli/correct_out2.png,,,,,,0,20,20,56,1,,,,,,,,,,,,,,,,,,,,,,,,,,,,
,,5ea1965fc546e204bb568292,,male,2024-04-24_12h31.48.743,stockport_simplified,2022.2.4,Win32,60.24096386,661e456ee6de07e70aa9ef7b,6628df89b8160f08a3f675cd,,,,,,,,,,,,,,,,,,,,,,,,,,,,,,,,,,721.5948,724.81,"[5,1,8,7,3,4,6,2]","[[-0.3,0.2],[0.3,0.2]]","[[-0.125,-0.2],[0.125,-0.2]]",0.13086771,-0.225746817,1,0,0,2.7144,o2_image,724.8154,0,725.3104,725.3104,727.3102,,,,,,,,,,,,,,,,,,0,0,0,0,1,,,,,,,,,,,,,,,,,,,,,,,,,,,,,,,,,
,,5ea1965fc546e204bb568292,,male,2024-04-24_12h31.48.743,stockport_simplified,2022.2.4,Win32,60.24096386,661e456ee6de07e70aa9ef7b,6628df89b8160f08a3f675cd,,,,,,,,,,,,,,,,,,,,,,,,,,,,,,,,,,,,,,,,,,,,,,,,,,,,,,,,,,,,,B,X,N,o1_image,stimuli/out1.png,stimuli/correct_out1.png,stimuli/out2.png,,,,,,0,21,21,25,1,,,,,,,,,,,,,,,,,,,,,,,,,,,,
,,5ea1965fc546e204bb568292,,male,2024-04-24_12h31.48.743,stockport_simplified,2022.2.4,Win32,60.24096386,661e456ee6de07e70aa9ef7b,6628df89b8160f08a3f675cd,,,,,,,,,,,,,,,,,,,,,,,,,,,,,,,,,,727.3107,730.4762,"[5,1,8,7,3,4,6,2]","[[0.3,0.2],[-0.3,0.2]]","[[-0.125,-0.2],[0.125,-0.2]]",0.226458054,-0.199573284,1,0,0,1.7389,o2_image,730.4818,0,730.9763,730.9763,732.9762,,,,,,,,,,,,,,,,,,0,0,0,0,1,,,,,,,,,,,,,,,,,,,,,,,,,,,,,,,,,
,,5ea1965fc546e204bb568292,,male,2024-04-24_12h31.48.743,stockport_simplified,2022.2.4,Win32,60.24096386,661e456ee6de07e70aa9ef7b,6628df89b8160f08a3f675cd,,,,,,,,,,,,,,,,,,,,,,,,,,,,,,,,,,,,,,,,,,,,,,,,,,,,,,,,,,,,,A,Y,N,o1_image,stimuli/out1.png,stimuli/correct_out1.png,stimuli/out2.png,,,,,,0,22,22,14,1,,,,,,,,,,,,,,,,,,,,,,,,,,,,
,,5ea1965fc546e204bb568292,,male,2024-04-24_12h31.48.743,stockport_simplified,2022.2.4,Win32,60.24096386,661e456ee6de07e70aa9ef7b,6628df89b8160f08a3f675cd,,,,,,,,,,,,,,,,,,,,,,,,,,,,,,,,,,732.9768,735.4123,"[5,1,8,7,3,4,6,2]","[[0.3,0.2],[-0.3,0.2]]","[[-0.125,-0.2],[0.125,-0.2]]",0.052347067,-0.205263184,1,0,0,1.9189,o2_image,735.4126,0,735.9094,735.9095,737.91,,,,,,,,,,,,,,,,,,0,0,0,0,1,,,,,,,,,,,,,,,,,,,,,,,,,,,,,,,,,
,,5ea1965fc546e204bb568292,,male,2024-04-24_12h31.48.743,stockport_simplified,2022.2.4,Win32,60.24096386,661e456ee6de07e70aa9ef7b,6628df89b8160f08a3f675cd,,,,,,,,,,,,,,,,,,,,,,,,,,,,,,,,,,,,,,,,,,,,,,,,,,,,,,,,,,,,,B,X,N,o1_image,stimuli/out1.png,stimuli/correct_out1.png,stimuli/out2.png,,,,,,0,23,23,26,1,,,,,,,,,,,,,,,,,,,,,,,,,,,,
,,5ea1965fc546e204bb568292,,male,2024-04-24_12h31.48.743,stockport_simplified,2022.2.4,Win32,60.24096386,661e456ee6de07e70aa9ef7b,6628df89b8160f08a3f675cd,,,,,,,,,,,,,,,,,,,,,,,,,,,,,,,,,,737.9106,739.5759,"[5,1,8,7,3,4,6,2]","[[0.3,0.2],[-0.3,0.2]]","[[0.125,-0.2],[-0.125,-0.2]]",-0.116073934,-0.267852045,1,0,0,1.1489,o2_image,739.5768,1,740.0759,740.076,742.0754,,,,,,,,,,,,,,,,,,0,0,0,0,1,,,,,,,,,,,,,,,,,,,,,,,,,,,,,,,,,
,,5ea1965fc546e204bb568292,,male,2024-04-24_12h31.48.743,stockport_simplified,2022.2.4,Win32,60.24096386,661e456ee6de07e70aa9ef7b,6628df89b8160f08a3f675cd,,,,,,,,,,,,,,,,,,,,,,,,,,,,,,,,,,,,,,,,,,,,,,,,,,,,,,,,,,,,,N,M,D,o2_image,stimuli/out2.png,stimuli/out1.png,stimuli/correct_out2.png,,,,,,0,24,24,51,1,,,,,,,,,,,,,,,,,,,,,,,,,,,,
,,5ea1965fc546e204bb568292,,male,2024-04-24_12h31.48.743,stockport_simplified,2022.2.4,Win32,60.24096386,661e456ee6de07e70aa9ef7b,6628df89b8160f08a3f675cd,,,,,,,,,,,,,,,,,,,,,,,,,,,,,,,,,,742.076,743.7091,"[5,1,8,7,3,4,6,2]","[[0.3,0.2],[-0.3,0.2]]","[[-0.125,-0.2],[0.125,-0.2]]",0.087624519,-0.216642985,1,0,0,1.1262,o2_image,743.7097,1,744.1986,744.1986,746.1921,,,,,,,,,,,,,,,,,,0,0,0,0,1,,,,,,,,,,,,,,,,,,,,,,,,,,,,,,,,,
,,5ea1965fc546e204bb568292,,male,2024-04-24_12h31.48.743,stockport_simplified,2022.2.4,Win32,60.24096386,661e456ee6de07e70aa9ef7b,6628df89b8160f08a3f675cd,,,,,,,,,,,,,,,,,,,,,,,,,,,,,,,,,,,,,,,,,,,,,,,,,,,,,,,,,,,,,B,X,N,o2_image,stimuli/out2.png,stimuli/out1.png,stimuli/correct_out2.png,,,,,,0,25,25,20,1,,,,,,,,,,,,,,,,,,,,,,,,,,,,
,,5ea1965fc546e204bb568292,,male,2024-04-24_12h31.48.743,stockport_simplified,2022.2.4,Win32,60.24096386,661e456ee6de07e70aa9ef7b,6628df89b8160f08a3f675cd,,,,,,,,,,,,,,,,,,,,,,,,,,,,,,,,,,746.1923,750.9251,"[5,1,8,7,3,4,6,2]","[[-0.3,0.2],[0.3,0.2]]","[[-0.125,-0.2],[0.125,-0.2]]",0.062588905,-0.201849209,1,0,0,4.2164,o2_image,750.9304,1,751.4254,751.4255,753.4308,,,,,,,,,,,,,,,,,,0,0,0,0,1,,,,,,,,,,,,,,,,,,,,,,,,,,,,,,,,,
,,5ea1965fc546e204bb568292,,male,2024-04-24_12h31.48.743,stockport_simplified,2022.2.4,Win32,60.24096386,661e456ee6de07e70aa9ef7b,6628df89b8160f08a3f675cd,,,,,,,,,,,,,,,,,,,,,,,,,,,,,,,,,,,,,,,,,,,,,,,,,,,,,,,,,,,,,B,X,N,o2_image,stimuli/out2.png,stimuli/out1.png,stimuli/correct_out2.png,,,,,,0,26,26,21,1,,,,,,,,,,,,,,,,,,,,,,,,,,,,
,,5ea1965fc546e204bb568292,,male,2024-04-24_12h31.48.743,stockport_simplified,2022.2.4,Win32,60.24096386,661e456ee6de07e70aa9ef7b,6628df89b8160f08a3f675cd,,,,,,,,,,,,,,,,,,,,,,,,,,,,,,,,,,753.431,754.8247,"[5,1,8,7,3,4,6,2]","[[0.3,0.2],[-0.3,0.2]]","[[-0.125,-0.2],[0.125,-0.2]]",0.13655761,-0.229160792,1,0,0,0.8822,o2_image,754.8255,1,755.3252,755.3252,757.325,,,,,,,,,,,,,,,,,,0,0,0,0,1,,,,,,,,,,,,,,,,,,,,,,,,,,,,,,,,,
,,5ea1965fc546e204bb568292,,male,2024-04-24_12h31.48.743,stockport_simplified,2022.2.4,Win32,60.24096386,661e456ee6de07e70aa9ef7b,6628df89b8160f08a3f675cd,,,,,,,,,,,,,,,,,,,,,,,,,,,,,,,,,,,,,,,,,,,,,,,,,,,,,,,,,,,,,B,Y,N,o2_image,stimuli/out2.png,stimuli/out1.png,stimuli/correct_out2.png,,,,,,0,27,27,38,1,,,,,,,,,,,,,,,,,,,,,,,,,,,,
,,5ea1965fc546e204bb568292,,male,2024-04-24_12h31.48.743,stockport_simplified,2022.2.4,Win32,60.24096386,661e456ee6de07e70aa9ef7b,6628df89b8160f08a3f675cd,,,,,,,,,,,,,,,,,,,,,,,,,,,,,,,,,,757.3256,758.7635,"[5,1,8,7,3,4,6,2]","[[0.3,0.2],[-0.3,0.2]]","[[-0.125,-0.2],[0.125,-0.2]]",0.13655761,-0.229160792,1,0,0,0.9212,o2_image,758.764,0,759.2646,759.2647,761.2579,,,,,,,,,,,,,,,,,,0,0,0,0,1,,,,,,,,,,,,,,,,,,,,,,,,,,,,,,,,,
,,5ea1965fc546e204bb568292,,male,2024-04-24_12h31.48.743,stockport_simplified,2022.2.4,Win32,60.24096386,661e456ee6de07e70aa9ef7b,6628df89b8160f08a3f675cd,,,,,,,,,,,,,,,,,,,,,,,,,,,,,,,,,,,,,,,,,,,,,,,,,,,,,,,,,,,,,B,X,N,o1_image,stimuli/out1.png,stimuli/correct_out1.png,stimuli/out2.png,,,,,,0,28,28,28,1,,,,,,,,,,,,,,,,,,,,,,,,,,,,
,,5ea1965fc546e204bb568292,,male,2024-04-24_12h31.48.743,stockport_simplified,2022.2.4,Win32,60.24096386,661e456ee6de07e70aa9ef7b,6628df89b8160f08a3f675cd,,,,,,,,,,,,,,,,,,,,,,,,,,,,,,,,,,761.2586,762.0082,"[5,1,8,7,3,4,6,2]","[[0.3,0.2],[-0.3,0.2]]","[[0.125,-0.2],[-0.125,-0.2]]",-0.109246071,-0.257610294,1,0,0,0.2327,o2_image,762.0089,1,762.508,762.508,764.5085,,,,,,,,,,,,,,,,,,0,0,0,0,1,,,,,,,,,,,,,,,,,,,,,,,,,,,,,,,,,
,,5ea1965fc546e204bb568292,,male,2024-04-24_12h31.48.743,stockport_simplified,2022.2.4,Win32,60.24096386,661e456ee6de07e70aa9ef7b,6628df89b8160f08a3f675cd,,,,,,,,,,,,,,,,,,,,,,,,,,,,,,,,,,,,,,,,,,,,,,,,,,,,,,,,,,,,,N,M,D,o2_image,stimuli/out2.png,stimuli/out1.png,stimuli/correct_out2.png,,,,,,0,29,29,52,1,,,,,,,,,,,,,,,,,,,,,,,,,,,,
,,5ea1965fc546e204bb568292,,male,2024-04-24_12h31.48.743,stockport_simplified,2022.2.4,Win32,60.24096386,661e456ee6de07e70aa9ef7b,6628df89b8160f08a3f675cd,,,,,,,,,,,,,,,,,,,,,,,,,,,,,,,,,,764.5088,766.1135,"[5,1,8,7,3,4,6,2]","[[0.3,0.2],[-0.3,0.2]]","[[0.125,-0.2],[-0.125,-0.2]]",-0.104694133,-0.257610294,1,0,0,1.0884,o2_image,766.114,1,766.6078,766.6079,768.6078,,,,,,,,,,,,,,,,,,0,0,0,0,1,,,,,,,,,,,,,,,,,,,,,,,,,,,,,,,,,
,,5ea1965fc546e204bb568292,,male,2024-04-24_12h31.48.743,stockport_simplified,2022.2.4,Win32,60.24096386,661e456ee6de07e70aa9ef7b,6628df89b8160f08a3f675cd,,,,,,,,,,,,,,,,,,,,,,,,,,,,,,,,,,,,,,,,,,,,,,,,,,,,,,,,,,,,,A,X,N,o2_image,stimuli/out2.png,stimuli/out1.png,stimuli/correct_out2.png,,,,,,0,30,30,7,1,,,,,,,,,,,,,,,,,,,,,,,,,,,,
,,5ea1965fc546e204bb568292,,male,2024-04-24_12h31.48.743,stockport_simplified,2022.2.4,Win32,60.24096386,661e456ee6de07e70aa9ef7b,6628df89b8160f08a3f675cd,,,,,,,,,,,,,,,,,,,,,,,,,,,,,,,,,,768.6083,771.2408,"[5,1,8,7,3,4,6,2]","[[-0.3,0.2],[0.3,0.2]]","[[0.125,-0.2],[-0.125,-0.2]]",-0.080796569,-0.239402543,1,0,0,2.1158,o2_image,771.2417,1,771.7474,771.7474,773.7411,,,,,,,,,,,,,,,,,,0,0,0,0,1,,,,,,,,,,,,,,,,,,,,,,,,,,,,,,,,,
,,5ea1965fc546e204bb568292,,male,2024-04-24_12h31.48.743,stockport_simplified,2022.2.4,Win32,60.24096386,661e456ee6de07e70aa9ef7b,6628df89b8160f08a3f675cd,,,,,,,,,,,,,,,,,,,,,,,,,,,,,,,,,,,,,,,,,,,,,,,,,,,,,,,,,,,,,B,Y,N,o2_image,stimuli/out2.png,stimuli/out1.png,stimuli/correct_out2.png,,,,,,0,31,31,37,1,,,,,,,,,,,,,,,,,,,,,,,,,,,,
,,5ea1965fc546e204bb568292,,male,2024-04-24_12h31.48.743,stockport_simplified,2022.2.4,Win32,60.24096386,661e456ee6de07e70aa9ef7b,6628df89b8160f08a3f675cd,,,,,,,,,,,,,,,,,,,,,,,,,,,,,,,,,,773.7415,776.5905,"[5,1,8,7,3,4,6,2]","[[0.3,0.2],[-0.3,0.2]]","[[-0.125,-0.2],[0.125,-0.2]]",0.170697013,-0.185917514,1,0,0,2.332,o2_image,776.5961,0,777.0908,777.0909,779.0906,,,,,,,,,,,,,,,,,,0,0,0,0,1,,,,,,,,,,,,,,,,,,,,,,,,,,,,,,,,,
,,5ea1965fc546e204bb568292,,male,2024-04-24_12h31.48.743,stockport_simplified,2022.2.4,Win32,60.24096386,661e456ee6de07e70aa9ef7b,6628df89b8160f08a3f675cd,,,,,,,,,,,,,,,,,,,,,,,,,,,,,,,,,,,,,,,,,,,,,,,,,,,,,,,,,,,,,A,Y,N,o1_image,stimuli/out1.png,stimuli/correct_out1.png,stimuli/out2.png,,,,,,0,32,32,17,1,,,,,,,,,,,,,,,,,,,,,,,,,,,,
,,5ea1965fc546e204bb568292,,male,2024-04-24_12h31.48.743,stockport_simplified,2022.2.4,Win32,60.24096386,661e456ee6de07e70aa9ef7b,6628df89b8160f08a3f675cd,,,,,,,,,,,,,,,,,,,,,,,,,,,,,,,,,,779.0911,780.8071,"[5,1,8,7,3,4,6,2]","[[0.3,0.2],[-0.3,0.2]]","[[0.125,-0.2],[-0.125,-0.2]]",0.117211984,-0.23826458,1,0,0,1.2114,o1_image,780.8078,0,781.3076,781.3076,788.5874,,,,,,,,,,,,,,,,,,0,0,0,0,1,,,,,,,,,,,,,,,,,,,,,,,,,,,,,,,,,
,,5ea1965fc546e204bb568292,,male,2024-04-24_12h31.48.743,stockport_simplified,2022.2.4,Win32,60.24096386,661e456ee6de07e70aa9ef7b,6628df89b8160f08a3f675cd,,,,,,,,,,,,,,,,,,,,,,,,,,,,,,,,,,,,,,,,,,,,,,,,,,,,,,,,,,,,,A,X,N,o2_image,stimuli/out2.png,stimuli/out1.png,stimuli/correct_out2.png,,,,,,0,33,33,6,1,,,,,,,,,,,,,,,,,,,,,,,,,,,,
,,5ea1965fc546e204bb568292,,male,2024-04-24_12h31.48.743,stockport_simplified,2022.2.4,Win32,60.24096386,661e456ee6de07e70aa9ef7b,6628df89b8160f08a3f675cd,,,,,,,,,,,,,,,,,,,,,,,,,,,,,,,,,,788.5931,790.3462,"[5,1,8,7,3,4,6,2]","[[-0.3,0.2],[0.3,0.2]]","[[0.125,-0.2],[-0.125,-0.2]]",-0.075106668,-0.147226174,1,0,0,0.6897,o2_image,790.3468,0,790.8403,790.8404,796.5094,,,,,,,,,,,,,,,,,,0,0,0,0,1,,,,,,,,,,,,,,,,,,,,,,,,,,,,,,,,,
,,5ea1965fc546e204bb568292,,male,2024-04-24_12h31.48.743,stockport_simplified,2022.2.4,Win32,60.24096386,661e456ee6de07e70aa9ef7b,6628df89b8160f08a3f675cd,,,,,,,,,,,,,,,,,,,,,,,,,,,,,,,,,,,,,,,,,,,,,,,,,,,,,,,,,,,,,N,M,C,o1_image,stimuli/out1.png,stimuli/correct_out1.png,stimuli/out2.png,,,,,,0,34,34,44,1,,,,,,,,,,,,,,,,,,,,,,,,,,,,
,,5ea1965fc546e204bb568292,,male,2024-04-24_12h31.48.743,stockport_simplified,2022.2.4,Win32,60.24096386,661e456ee6de07e70aa9ef7b,6628df89b8160f08a3f675cd,,,,,,,,,,,,,,,,,,,,,,,,,,,,,,,,,,796.5154,799.3225,"[5,1,8,7,3,4,6,2]","[[-0.3,0.2],[0.3,0.2]]","[[0.125,-0.2],[-0.125,-0.2]]",-0.161593137,-0.220056916,1,0,0,2.2992,o2_image,799.3233,1,799.8123,799.8124,801.8125,,,,,,,,,,,,,,,,,,0,0,0,0,1,,,,,,,,,,,,,,,,,,,,,,,,,,,,,,,,,
,,5ea1965fc546e204bb568292,,male,2024-04-24_12h31.48.743,stockport_simplified,2022.2.4,Win32,60.24096386,661e456ee6de07e70aa9ef7b,6628df89b8160f08a3f675cd,,,,,,,,,,,,,,,,,,,,,,,,,,,,,,,,,,,,,,,,,,,,,,,,,,,,,,,,,,,,,N,M,D,o2_image,stimuli/out2.png,stimuli/out1.png,stimuli/correct_out2.png,,,,,,0,35,35,53,1,,,,,,,,,,,,,,,,,,,,,,,,,,,,
,,5ea1965fc546e204bb568292,,male,2024-04-24_12h31.48.743,stockport_simplified,2022.2.4,Win32,60.24096386,661e456ee6de07e70aa9ef7b,6628df89b8160f08a3f675cd,,,,,,,,,,,,,,,,,,,,,,,,,,,,,,,,,,801.8127,804.0892,"[5,1,8,7,3,4,6,2]","[[-0.3,0.2],[0.3,0.2]]","[[-0.125,-0.2],[0.125,-0.2]]",-0.068278805,-0.175675676,1,0,0,1.7657,o1_image,804.0945,1,804.5896,804.5896,806.5894,,,,,,,,,,,,,,,,,,0,0,0,0,1,,,,,,,,,,,,,,,,,,,,,,,,,,,,,,,,,
,,5ea1965fc546e204bb568292,,male,2024-04-24_12h31.48.743,stockport_simplified,2022.2.4,Win32,60.24096386,661e456ee6de07e70aa9ef7b,6628df89b8160f08a3f675cd,,,,,,,,,,,,,,,,,,,,,,,,,,,,,,,,,,,,,,,,,,,,,,,,,,,,,,,,,,,,,A,X,N,o1_image,stimuli/out1.png,stimuli/correct_out1.png,stimuli/out2.png,,,,,,0,36,36,2,1,,,,,,,,,,,,,,,,,,,,,,,,,,,,
,,5ea1965fc546e204bb568292,,male,2024-04-24_12h31.48.743,stockport_simplified,2022.2.4,Win32,60.24096386,661e456ee6de07e70aa9ef7b,6628df89b8160f08a3f675cd,,,,,,,,,,,,,,,,,,,,,,,,,,,,,,,,,,806.5899,808.7722,"[5,1,8,7,3,4,6,2]","[[0.3,0.2],[-0.3,0.2]]","[[-0.125,-0.2],[0.125,-0.2]]",-0.116073934,-0.223470935,1,0,0,1.6659,o1_image,808.7731,1,809.2721,809.2722,811.2609,,,,,,,,,,,,,,,,,,0,0,0,0,1,,,,,,,,,,,,,,,,,,,,,,,,,,,,,,,,,
,,5ea1965fc546e204bb568292,,male,2024-04-24_12h31.48.743,stockport_simplified,2022.2.4,Win32,60.24096386,661e456ee6de07e70aa9ef7b,6628df89b8160f08a3f675cd,,,,,,,,,,,,,,,,,,,,,,,,,,,,,,,,,,,,,,,,,,,,,,,,,,,,,,,,,,,,,N,M,C,o1_image,stimuli/out1.png,stimuli/correct_out1.png,stimuli/out2.png,,,,,,0,37,37,48,1,,,,,,,,,,,,,,,,,,,,,,,,,,,,
,,5ea1965fc546e204bb568292,,male,2024-04-24_12h31.48.743,stockport_simplified,2022.2.4,Win32,60.24096386,661e456ee6de07e70aa9ef7b,6628df89b8160f08a3f675cd,,,,,,,,,,,,,,,,,,,,,,,,,,,,,,,,,,811.2611,812.6721,"[5,1,8,7,3,4,6,2]","[[0.3,0.2],[-0.3,0.2]]","[[-0.125,-0.2],[0.125,-0.2]]",-0.142247511,-0.169985775,1,0,0,0.8994,o1_image,812.6727,1,813.1718,813.1719,815.1612,,,,,,,,,,,,,,,,,,0,0,0,0,1,,,,,,,,,,,,,,,,,,,,,,,,,,,,,,,,,
,,5ea1965fc546e204bb568292,,male,2024-04-24_12h31.48.743,stockport_simplified,2022.2.4,Win32,60.24096386,661e456ee6de07e70aa9ef7b,6628df89b8160f08a3f675cd,,,,,,,,,,,,,,,,,,,,,,,,,,,,,,,,,,,,,,,,,,,,,,,,,,,,,,,,,,,,,N,M,C,o1_image,stimuli/out1.png,stimuli/correct_out1.png,stimuli/out2.png,,,,,,0,38,38,47,1,,,,,,,,,,,,,,,,,,,,,,,,,,,,
,,5ea1965fc546e204bb568292,,male,2024-04-24_12h31.48.743,stockport_simplified,2022.2.4,Win32,60.24096386,661e456ee6de07e70aa9ef7b,6628df89b8160f08a3f675cd,,,,,,,,,,,,,,,,,,,,,,,,,,,,,,,,,,815.1614,816.9048,"[5,1,8,7,3,4,6,2]","[[0.3,0.2],[-0.3,0.2]]","[[-0.125,-0.2],[0.125,-0.2]]",0.056899004,-0.198435277,1,0,0,1.2324,o2_image,816.9053,1,817.4049,817.4049,819.4054,,,,,,,,,,,,,,,,,,0,0,0,0,1,,,,,,,,,,,,,,,,,,,,,,,,,,,,,,,,,
,,5ea1965fc546e204bb568292,,male,2024-04-24_12h31.48.743,stockport_simplified,2022.2.4,Win32,60.24096386,661e456ee6de07e70aa9ef7b,6628df89b8160f08a3f675cd,,,,,,,,,,,,,,,,,,,,,,,,,,,,,,,,,,,,,,,,,,,,,,,,,,,,,,,,,,,,,B,Y,N,o2_image,stimuli/out2.png,stimuli/out1.png,stimuli/correct_out2.png,,,,,,0,39,39,30,1,,,,,,,,,,,,,,,,,,,,,,,,,,,,
,,5ea1965fc546e204bb568292,,male,2024-04-24_12h31.48.743,stockport_simplified,2022.2.4,Win32,60.24096386,661e456ee6de07e70aa9ef7b,6628df89b8160f08a3f675cd,,,,,,,,,,,,,,,,,,,,,,,,,,,,,,,,,,819.4059,821.4715,"[5,1,8,7,3,4,6,2]","[[-0.3,0.2],[0.3,0.2]]","[[0.125,-0.2],[-0.125,-0.2]]",-0.055761042,-0.190469408,1,0,0,1.5493,o2_image,821.4723,1,821.9781,821.9781,823.9777,,,,,,,,,,,,,,,,,,0,0,0,0,1,,,,,,,,,,,,,,,,,,,,,,,,,,,,,,,,,
,,5ea1965fc546e204bb568292,,male,2024-04-24_12h31.48.743,stockport_simplified,2022.2.4,Win32,60.24096386,661e456ee6de07e70aa9ef7b,6628df89b8160f08a3f675cd,,,,,,,,,,,,,,,,,,,,,,,,,,,,,,,,,,,,,,,,,,,,,,,,,,,,,,,,,,,,,B,Y,N,o2_image,stimuli/out2.png,stimuli/out1.png,stimuli/correct_out2.png,,,,,,0,40,40,34,1,,,,,,,,,,,,,,,,,,,,,,,,,,,,
,,5ea1965fc546e204bb568292,,male,2024-04-24_12h31.48.743,stockport_simplified,2022.2.4,Win32,60.24096386,661e456ee6de07e70aa9ef7b,6628df89b8160f08a3f675cd,,,,,,,,,,,,,,,,,,,,,,,,,,,,,,,,,,823.978,825.3544,"[5,1,8,7,3,4,6,2]","[[0.3,0.2],[-0.3,0.2]]","[[0.125,-0.2],[-0.125,-0.2]]",0.076244718,-0.228022786,1,0,0,0.8658,o1_image,825.3554,0,825.8603,825.8604,827.8545,,,,,,,,,,,,,,,,,,0,0,0,0,1,,,,,,,,,,,,,,,,,,,,,,,,,,,,,,,,,
,,5ea1965fc546e204bb568292,,male,2024-04-24_12h31.48.743,stockport_simplified,2022.2.4,Win32,60.24096386,661e456ee6de07e70aa9ef7b,6628df89b8160f08a3f675cd,,,,,,,,,,,,,,,,,,,,,,,,,,,,,,,,,,,,,,,,,,,,,,,,,,,,,,,,,,,,,B,Y,N,o2_image,stimuli/out2.png,stimuli/out1.png,stimuli/correct_out2.png,,,,,,0,41,41,31,1,,,,,,,,,,,,,,,,,,,,,,,,,,,,
,,5ea1965fc546e204bb568292,,male,2024-04-24_12h31.48.743,stockport_simplified,2022.2.4,Win32,60.24096386,661e456ee6de07e70aa9ef7b,6628df89b8160f08a3f675cd,,,,,,,,,,,,,,,,,,,,,,,,,,,,,,,,,,827.8551,829.1773,"[5,1,8,7,3,4,6,2]","[[0.3,0.2],[-0.3,0.2]]","[[0.125,-0.2],[-0.125,-0.2]]",0.07169278,-0.215504979,1,0,0,0.8054,o1_image,829.1778,1,829.6715,829.6715,831.6708,,,,,,,,,,,,,,,,,,0,0,0,0,1,,,,,,,,,,,,,,,,,,,,,,,,,,,,,,,,,
,,5ea1965fc546e204bb568292,,male,2024-04-24_12h31.48.743,stockport_simplified,2022.2.4,Win32,60.24096386,661e456ee6de07e70aa9ef7b,6628df89b8160f08a3f675cd,,,,,,,,,,,,,,,,,,,,,,,,,,,,,,,,,,,,,,,,,,,,,,,,,,,,,,,,,,,,,N,M,C,o1_image,stimuli/out1.png,stimuli/correct_out1.png,stimuli/out2.png,,,,,,0,42,42,46,1,,,,,,,,,,,,,,,,,,,,,,,,,,,,
,,5ea1965fc546e204bb568292,,male,2024-04-24_12h31.48.743,stockport_simplified,2022.2.4,Win32,60.24096386,661e456ee6de07e70aa9ef7b,6628df89b8160f08a3f675cd,,,,,,,,,,,,,,,,,,,,,,,,,,,,,,,,,,831.6714,833.3109,"[5,1,8,7,3,4,6,2]","[[0.3,0.2],[-0.3,0.2]]","[[0.125,-0.2],[-0.125,-0.2]]",0.06600288,-0.242816518,1,0,0,1.1342,o1_image,833.3112,1,833.8044,833.8044,835.8045,,,,,,,,,,,,,,,,,,0,0,0,0,1,,,,,,,,,,,,,,,,,,,,,,,,,,,,,,,,,
,,5ea1965fc546e204bb568292,,male,2024-04-24_12h31.48.743,stockport_simplified,2022.2.4,Win32,60.24096386,661e456ee6de07e70aa9ef7b,6628df89b8160f08a3f675cd,,,,,,,,,,,,,,,,,,,,,,,,,,,,,,,,,,,,,,,,,,,,,,,,,,,,,,,,,,,,,A,Y,N,o1_image,stimuli/out1.png,stimuli/correct_out1.png,stimuli/out2.png,,,,,,0,43,43,18,1,,,,,,,,,,,,,,,,,,,,,,,,,,,,
,,5ea1965fc546e204bb568292,,male,2024-04-24_12h31.48.743,stockport_simplified,2022.2.4,Win32,60.24096386,661e456ee6de07e70aa9ef7b,6628df89b8160f08a3f675cd,,,,,,,,,,,,,,,,,,,,,,,,,,,,,,,,,,835.8048,837.1373,"[5,1,8,7,3,4,6,2]","[[-0.3,0.2],[0.3,0.2]]","[[0.125,-0.2],[-0.125,-0.2]]",0.077382681,-0.235988655,1,0,0,0.8162,o1_image,837.1378,0,837.6372,837.6373,839.6271,,,,,,,,,,,,,,,,,,0,0,0,0,1,,,,,,,,,,,,,,,,,,,,,,,,,,,,,,,,,
,,5ea1965fc546e204bb568292,,male,2024-04-24_12h31.48.743,stockport_simplified,2022.2.4,Win32,60.24096386,661e456ee6de07e70aa9ef7b,6628df89b8160f08a3f675cd,,,,,,,,,,,,,,,,,,,,,,,,,,,,,,,,,,,,,,,,,,,,,,,,,,,,,,,,,,,,,B,X,N,o2_image,stimuli/out2.png,stimuli/out1.png,stimuli/correct_out2.png,,,,,,0,44,44,22,1,,,,,,,,,,,,,,,,,,,,,,,,,,,,
,,5ea1965fc546e204bb568292,,male,2024-04-24_12h31.48.743,stockport_simplified,2022.2.4,Win32,60.24096386,661e456ee6de07e70aa9ef7b,6628df89b8160f08a3f675cd,,,,,,,,,,,,,,,,,,,,,,,,,,,,,,,,,,839.6274,840.4737,"[5,1,8,7,3,4,6,2]","[[-0.3,0.2],[0.3,0.2]]","[[-0.125,-0.2],[0.125,-0.2]]",-0.106970145,-0.233712643,1,0,0,0.3361,o1_image,840.4741,1,840.9711,840.9711,842.9702,,,,,,,,,,,,,,,,,,0,0,0,0,1,,,,,,,,,,,,,,,,,,,,,,,,,,,,,,,,,
,,5ea1965fc546e204bb568292,,male,2024-04-24_12h31.48.743,stockport_simplified,2022.2.4,Win32,60.24096386,661e456ee6de07e70aa9ef7b,6628df89b8160f08a3f675cd,,,,,,,,,,,,,,,,,,,,,,,,,,,,,,,,,,,,,,,,,,,,,,,,,,,,,,,,,,,,,A,X,N,o1_image,stimuli/out1.png,stimuli/correct_out1.png,stimuli/out2.png,,,,,,0,45,45,3,1,,,,,,,,,,,,,,,,,,,,,,,,,,,,
,,5ea1965fc546e204bb568292,,male,2024-04-24_12h31.48.743,stockport_simplified,2022.2.4,Win32,60.24096386,661e456ee6de07e70aa9ef7b,6628df89b8160f08a3f675cd,,,,,,,,,,,,,,,,,,,,,,,,,,,,,,,,,,842.9709,844.2202,"[5,1,8,7,3,4,6,2]","[[0.3,0.2],[-0.3,0.2]]","[[-0.125,-0.2],[0.125,-0.2]]",0.155903324,-0.249644381,1,0,0,0.7327,o2_image,844.221,1,844.7208,844.7208,846.7208,,,,,,,,,,,,,,,,,,0,0,0,0,1,,,,,,,,,,,,,,,,,,,,,,,,,,,,,,,,,
,,5ea1965fc546e204bb568292,,male,2024-04-24_12h31.48.743,stockport_simplified,2022.2.4,Win32,60.24096386,661e456ee6de07e70aa9ef7b,6628df89b8160f08a3f675cd,,,,,,,,,,,,,,,,,,,,,,,,,,,,,,,,,,,,,,,,,,,,,,,,,,,,,,,,,,,,,B,Y,N,o2_image,stimuli/out2.png,stimuli/out1.png,stimuli/correct_out2.png,,,,,,0,46,46,35,1,,,,,,,,,,,,,,,,,,,,,,,,,,,,
,,5ea1965fc546e204bb568292,,male,2024-04-24_12h31.48.743,stockport_simplified,2022.2.4,Win32,60.24096386,661e456ee6de07e70aa9ef7b,6628df89b8160f08a3f675cd,,,,,,,,,,,,,,,,,,,,,,,,,,,,,,,,,,846.7213,848.57,"[5,1,8,7,3,4,6,2]","[[0.3,0.2],[-0.3,0.2]]","[[-0.125,-0.2],[0.125,-0.2]]",-0.073968706,-0.234850692,1,0,0,1.3324,o1_image,848.5709,1,849.0701,849.0701,851.0588,,,,,,,,,,,,,,,,,,0,0,0,0,1,,,,,,,,,,,,,,,,,,,,,,,,,,,,,,,,,
,,5ea1965fc546e204bb568292,,male,2024-04-24_12h31.48.743,stockport_simplified,2022.2.4,Win32,60.24096386,661e456ee6de07e70aa9ef7b,6628df89b8160f08a3f675cd,,,,,,,,,,,,,,,,,,,,,,,,,,,,,,,,,,,,,,,,,,,,,,,,,,,,,,,,,,,,,N,M,C,o1_image,stimuli/out1.png,stimuli/correct_out1.png,stimuli/out2.png,,,,,,0,47,47,49,1,,,,,,,,,,,,,,,,,,,,,,,,,,,,
,,5ea1965fc546e204bb568292,,male,2024-04-24_12h31.48.743,stockport_simplified,2022.2.4,Win32,60.24096386,661e456ee6de07e70aa9ef7b,6628df89b8160f08a3f675cd,,,,,,,,,,,,,,,,,,,,,,,,,,,,,,,,,,851.0591,852.4863,"[5,1,8,7,3,4,6,2]","[[-0.3,0.2],[0.3,0.2]]","[[0.125,-0.2],[-0.125,-0.2]]",0.149075374,-0.171123781,1,0,0,0.9161,o1_image,852.4867,1,852.9868,852.9868,854.9866,,,,,,,,,,,,,,,,,,0,0,0,0,1,,,,,,,,,,,,,,,,,,,,,,,,,,,,,,,,,
,,5ea1965fc546e204bb568292,,male,2024-04-24_12h31.48.743,stockport_simplified,2022.2.4,Win32,60.24096386,661e456ee6de07e70aa9ef7b,6628df89b8160f08a3f675cd,,,,,,,,,,,,,,,,,,,,,,,,,,,,,,,,,,,,,,,,,,,,,,,,,,,,,,,,,,,,,A,X,N,o1_image,stimuli/out1.png,stimuli/correct_out1.png,stimuli/out2.png,,,,,,0,48,48,0,1,,,,,,,,,,,,,,,,,,,,,,,,,,,,
,,5ea1965fc546e204bb568292,,male,2024-04-24_12h31.48.743,stockport_simplified,2022.2.4,Win32,60.24096386,661e456ee6de07e70aa9ef7b,6628df89b8160f08a3f675cd,,,,,,,,,,,,,,,,,,,,,,,,,,,,,,,,,,854.987,857.2028,"[5,1,8,7,3,4,6,2]","[[0.3,0.2],[-0.3,0.2]]","[[-0.125,-0.2],[0.125,-0.2]]",-0.056899004,-0.191607414,1,0,0,1.6938,o1_image,857.2037,0,857.7034,857.7035,859.703,,,,,,,,,,,,,,,,,,0,0,0,0,1,,,,,,,,,,,,,,,,,,,,,,,,,,,,,,,,,
,,5ea1965fc546e204bb568292,,male,2024-04-24_12h31.48.743,stockport_simplified,2022.2.4,Win32,60.24096386,661e456ee6de07e70aa9ef7b,6628df89b8160f08a3f675cd,,,,,,,,,,,,,,,,,,,,,,,,,,,,,,,,,,,,,,,,,,,,,,,,,,,,,,,,,,,,,B,X,N,o2_image,stimuli/out2.png,stimuli/out1.png,stimuli/correct_out2.png,,,,,,0,49,49,24,1,,,,,,,,,,,,,,,,,,,,,,,,,,,,
,,5ea1965fc546e204bb568292,,male,2024-04-24_12h31.48.743,stockport_simplified,2022.2.4,Win32,60.24096386,661e456ee6de07e70aa9ef7b,6628df89b8160f08a3f675cd,,,,,,,,,,,,,,,,,,,,,,,,,,,,,,,,,,859.7034,865.0091,"[5,1,8,7,3,4,6,2]","[[0.3,0.2],[-0.3,0.2]]","[[-0.125,-0.2],[0.125,-0.2]]",0.20256049,-0.179089607,1,0,0,4.8003,o2_image,865.0142,0,865.5029,865.503,867.5089,,,,,,,,,,,,,,,,,,0,0,0,0,1,,,,,,,,,,,,,,,,,,,,,,,,,,,,,,,,,
,,5ea1965fc546e204bb568292,,male,2024-04-24_12h31.48.743,stockport_simplified,2022.2.4,Win32,60.24096386,661e456ee6de07e70aa9ef7b,6628df89b8160f08a3f675cd,,,,,,,,,,,,,,,,,,,,,,,,,,,,,,,,,,,,,,,,,,,,,,,,,,,,,,,,,,,,,A,X,N,o1_image,stimuli/out1.png,stimuli/correct_out1.png,stimuli/out2.png,,,,,,0,50,50,4,1,,,,,,,,,,,,,,,,,,,,,,,,,,,,
,,5ea1965fc546e204bb568292,,male,2024-04-24_12h31.48.743,stockport_simplified,2022.2.4,Win32,60.24096386,661e456ee6de07e70aa9ef7b,6628df89b8160f08a3f675cd,,,,,,,,,,,,,,,,,,,,,,,,,,,,,,,,,,867.5092,868.9858,"[5,1,8,7,3,4,6,2]","[[-0.3,0.2],[0.3,0.2]]","[[0.125,-0.2],[-0.125,-0.2]]",-0.09786627,-0.220056916,1,0,0,0.966,o2_image,868.9867,0,869.4856,869.4857,871.4919,,,,,,,,,,,,,,,,,,0,0,0,0,1,,,,,,,,,,,,,,,,,,,,,,,,,,,,,,,,,
,,5ea1965fc546e204bb568292,,male,2024-04-24_12h31.48.743,stockport_simplified,2022.2.4,Win32,60.24096386,661e456ee6de07e70aa9ef7b,6628df89b8160f08a3f675cd,,,,,,,,,,,,,,,,,,,,,,,,,,,,,,,,,,,,,,,,,,,,,,,,,,,,,,,,,,,,,A,Y,N,o1_image,stimuli/out1.png,stimuli/correct_out1.png,stimuli/out2.png,,,,,,0,51,51,19,1,,,,,,,,,,,,,,,,,,,,,,,,,,,,
,,5ea1965fc546e204bb568292,,male,2024-04-24_12h31.48.743,stockport_simplified,2022.2.4,Win32,60.24096386,661e456ee6de07e70aa9ef7b,6628df89b8160f08a3f675cd,,,,,,,,,,,,,,,,,,,,,,,,,,,,,,,,,,871.4922,872.5584,"[5,1,8,7,3,4,6,2]","[[-0.3,0.2],[0.3,0.2]]","[[0.125,-0.2],[-0.125,-0.2]]",0.111522083,-0.147226174,1,0,0,0.5556,o1_image,872.5588,1,873.0523,873.0523,875.0574,,,,,,,,,,,,,,,,,,0,0,0,0,1,,,,,,,,,,,,,,,,,,,,,,,,,,,,,,,,,
,,5ea1965fc546e204bb568292,,male,2024-04-24_12h31.48.743,stockport_simplified,2022.2.4,Win32,60.24096386,661e456ee6de07e70aa9ef7b,6628df89b8160f08a3f675cd,,,,,,,,,,,,,,,,,,,,,,,,,,,,,,,,,,,,,,,,,,,,,,,,,,,,,,,,,,,,,N,M,C,o1_image,stimuli/out1.png,stimuli/correct_out1.png,stimuli/out2.png,,,,,,0,52,52,42,1,,,,,,,,,,,,,,,,,,,,,,,,,,,,
,,5ea1965fc546e204bb568292,,male,2024-04-24_12h31.48.743,stockport_simplified,2022.2.4,Win32,60.24096386,661e456ee6de07e70aa9ef7b,6628df89b8160f08a3f675cd,,,,,,,,,,,,,,,,,,,,,,,,,,,,,,,,,,875.0576,875.9923,"[5,1,8,7,3,4,6,2]","[[0.3,0.2],[-0.3,0.2]]","[[0.125,-0.2],[-0.125,-0.2]]",0.079658606,-0.142674279,1,0,0,0.4229,o1_image,875.9927,0,876.4856,876.4857,878.4849,,,,,,,,,,,,,,,,,,0,0,0,0,1,,,,,,,,,,,,,,,,,,,,,,,,,,,,,,,,,
,,5ea1965fc546e204bb568292,,male,2024-04-24_12h31.48.743,stockport_simplified,2022.2.4,Win32,60.24096386,661e456ee6de07e70aa9ef7b,6628df89b8160f08a3f675cd,,,,,,,,,,,,,,,,,,,,,,,,,,,,,,,,,,,,,,,,,,,,,,,,,,,,,,,,,,,,,N,M,D,o2_image,stimuli/out2.png,stimuli/out1.png,stimuli/correct_out2.png,,,,,,0,53,53,55,1,,,,,,,,,,,,,,,,,,,,,,,,,,,,
,,5ea1965fc546e204bb568292,,male,2024-04-24_12h31.48.743,stockport_simplified,2022.2.4,Win32,60.24096386,661e456ee6de07e70aa9ef7b,6628df89b8160f08a3f675cd,,,,,,,,,,,,,,,,,,,,,,,,,,,,,,,,,,878.4855,880.2908,"[5,1,8,7,3,4,6,2]","[[-0.3,0.2],[0.3,0.2]]","[[0.125,-0.2],[-0.125,-0.2]]",-0.084210544,-0.163157912,1,0,0,1.298,o2_image,880.2913,1,880.7907,880.7907,882.7852,,,,,,,,,,,,,,,,,,0,0,0,0,1,,,,,,,,,,,,,,,,,,,,,,,,,,,,,,,,,
,,5ea1965fc546e204bb568292,,male,2024-04-24_12h31.48.743,stockport_simplified,2022.2.4,Win32,60.24096386,661e456ee6de07e70aa9ef7b,6628df89b8160f08a3f675cd,,,,,,,,,,,,,,,,,,,,,,,,,,,,,,,,,,,,,,,,,,,,,,,,,,,,,,,,,,,,,N,M,D,o2_image,stimuli/out2.png,stimuli/out1.png,stimuli/correct_out2.png,,,,,,0,54,54,50,1,,,,,,,,,,,,,,,,,,,,,,,,,,,,
,,5ea1965fc546e204bb568292,,male,2024-04-24_12h31.48.743,stockport_simplified,2022.2.4,Win32,60.24096386,661e456ee6de07e70aa9ef7b,6628df89b8160f08a3f675cd,,,,,,,,,,,,,,,,,,,,,,,,,,,,,,,,,,882.7858,884.0349,"[5,1,8,7,3,4,6,2]","[[0.3,0.2],[-0.3,0.2]]","[[0.125,-0.2],[-0.125,-0.2]]",0.161593224,-0.176813682,1,0,0,0.7324,o1_image,884.0356,1,884.535,884.5351,886.5352,,,,,,,,,,,,,,,,,,0,0,0,0,1,,,,,,,,,,,,,,,,,,,,,,,,,,,,,,,,,
,,5ea1965fc546e204bb568292,,male,2024-04-24_12h31.48.743,stockport_simplified,2022.2.4,Win32,60.24096386,661e456ee6de07e70aa9ef7b,6628df89b8160f08a3f675cd,,,,,,,,,,,,,,,,,,,,,,,,,,,,,,,,,,,,,,,,,,,,,,,,,,,,,,,,,,,,,A,X,N,o1_image,stimuli/out1.png,stimuli/correct_out1.png,stimuli/out2.png,,,,,,0,55,55,1,1,,,,,,,,,,,,,,,,,,,,,,,,,,,,
,,5ea1965fc546e204bb568292,,male,2024-04-24_12h31.48.743,stockport_simplified,2022.2.4,Win32,60.24096386,661e456ee6de07e70aa9ef7b,6628df89b8160f08a3f675cd,,,,,,,,,,,,,,,,,,,,,,,,,,,,,,,,,,886.5357,890.8017,"[5,1,8,7,3,4,6,2]","[[-0.3,0.2],[0.3,0.2]]","[[-0.125,-0.2],[0.125,-0.2]]",0.126315772,-0.241678555,1,0,0,3.7495,o2_image,890.8072,0,891.3013,891.3014,894.8515,,,,,,,,,,,,,,,,,,0,0,0,0,1,,,,,,,,,,,,,,,,,,,,,,,,,,,,,,,,,
,,5ea1965fc546e204bb568292,,male,2024-04-24_12h31.48.743,stockport_simplified,2022.2.4,Win32,60.24096386,661e456ee6de07e70aa9ef7b,6628df89b8160f08a3f675cd,,,,,,,,,,,,,,,,,,,,,,,,,,,,,,,,,,,,,,,,,,,,,,,,,,,,,,,,,,,,,A,Y,N,o1_image,stimuli/out1.png,stimuli/correct_out1.png,stimuli/out2.png,,,,,,0,56,56,13,1,,,,,,,,,,,,,,,,,,,,,,,,,,,,
,,5ea1965fc546e204bb568292,,male,2024-04-24_12h31.48.743,stockport_simplified,2022.2.4,Win32,60.24096386,661e456ee6de07e70aa9ef7b,6628df89b8160f08a3f675cd,,,,,,,,,,,,,,,,,,,,,,,,,,,,,,,,,,894.8568,895.8405,"[5,1,8,7,3,4,6,2]","[[0.3,0.2],[-0.3,0.2]]","[[-0.125,-0.2],[0.125,-0.2]]",-0.102418208,-0.13470841,1,0,0,0.4722,o1_image,895.8409,1,896.3341,896.3342,898.334,,,,,,,,,,,,,,,,,,0,0,0,0,1,,,,,,,,,,,,,,,,,,,,,,,,,,,,,,,,,
,,5ea1965fc546e204bb568292,,male,2024-04-24_12h31.48.743,stockport_simplified,2022.2.4,Win32,60.24096386,661e456ee6de07e70aa9ef7b,6628df89b8160f08a3f675cd,,,,,,,,,,,,,,,,,,,,,,,,,,,,,,,,,,,,,,,,,,,,,,,,,,,,,,,,,,,,,B,X,N,o1_image,stimuli/out1.png,stimuli/correct_out1.png,stimuli/out2.png,,,,,,0,57,57,29,1,,,,,,,,,,,,,,,,,,,,,,,,,,,,
,,5ea1965fc546e204bb568292,,male,2024-04-24_12h31.48.743,stockport_simplified,2022.2.4,Win32,60.24096386,661e456ee6de07e70aa9ef7b,6628df89b8160f08a3f675cd,,,,,,,,,,,,,,,,,,,,,,,,,,,,,,,,,,898.3347,900.2175,"[5,1,8,7,3,4,6,2]","[[0.3,0.2],[-0.3,0.2]]","[[-0.125,-0.2],[0.125,-0.2]]",0.117211984,-0.257610294,1,0,0,1.3663,o2_image,900.2181,1,900.7172,900.7172,902.7177,,,,,,,,,,,,,,,,,,0,0,0,0,1,,,,,,,,,,,,,,,,,,,,,,,,,,,,,,,,,
,,5ea1965fc546e204bb568292,,male,2024-04-24_12h31.48.743,stockport_simplified,2022.2.4,Win32,60.24096386,661e456ee6de07e70aa9ef7b,6628df89b8160f08a3f675cd,,,,,,,,,,,,,,,,,,,,,,,,,,,,,,,,,,,,,,,,,,,,,,,,,,,,,,,,,,,,,B,Y,N,o2_image,stimuli/out2.png,stimuli/out1.png,stimuli/correct_out2.png,,,,,,0,58,58,33,1,,,,,,,,,,,,,,,,,,,,,,,,,,,,
,,5ea1965fc546e204bb568292,,male,2024-04-24_12h31.48.743,stockport_simplified,2022.2.4,Win32,60.24096386,661e456ee6de07e70aa9ef7b,6628df89b8160f08a3f675cd,,,,,,,,,,,,,,,,,,,,,,,,,,,,,,,,,,902.718,903.8336,"[5,1,8,7,3,4,6,2]","[[0.3,0.2],[-0.3,0.2]]","[[0.125,-0.2],[-0.125,-0.2]]",0.093314419,-0.251920393,1,0,0,0.5989,o1_image,903.8344,1,904.3343,904.3343,906.3336,,,,,,,,,,,,,,,,,,0,0,0,0,1,,,,,,,,,,,,,,,,,,,,,,,,,,,,,,,,,
,,5ea1965fc546e204bb568292,,male,2024-04-24_12h31.48.743,stockport_simplified,2022.2.4,Win32,60.24096386,661e456ee6de07e70aa9ef7b,6628df89b8160f08a3f675cd,,,,,,,,,,,,,,,,,,,,,,,,,,,,,,,,,,,,,,,,,,,,,,,,,,,,,,,,,,,,,A,Y,N,o1_image,stimuli/out1.png,stimuli/correct_out1.png,stimuli/out2.png,,,,,,0,59,59,12,1,,,,,,,,,,,,,,,,,,,,,,,,,,,,
,,5ea1965fc546e204bb568292,,male,2024-04-24_12h31.48.743,stockport_simplified,2022.2.4,Win32,60.24096386,661e456ee6de07e70aa9ef7b,6628df89b8160f08a3f675cd,,,,,,,,,,,,,,,,,,,,,,,,,,,,,,,,,,906.3398,908.2672,"[5,1,8,7,3,4,6,2]","[[0.3,0.2],[-0.3,0.2]]","[[0.125,-0.2],[-0.125,-0.2]]",0.093314419,-0.251920393,1,0,0,1.4161,o1_image,908.2681,0,908.7669,908.7669,910.7564,,,,,,,,,,,,,,,,,,,,,,,,,,,,0,0,0,0,1,,,,,,,,,,,,,,,,,,,,,,,
,,5ea1965fc546e204bb568292,,male,2024-04-24_12h31.48.743,stockport_simplified,2022.2.4,Win32,60.24096386,661e456ee6de07e70aa9ef7b,6628df89b8160f08a3f675cd,,,,,,,,,,,,,,,,,,,,,,,,,,,,,,,,,,,,,,,,,,,,,,,,,,,,,,,,,,,,,A,B,N,o2_image,stimuli/out2.png,stimuli/out1.png,stimuli/correct_out2.png,,,,,,,,,,,,,,,,0,0,0,6,1,,,,,,,,,,,,,,,,,,
,,5ea1965fc546e204bb568292,,male,2024-04-24_12h31.48.743,stockport_simplified,2022.2.4,Win32,60.24096386,661e456ee6de07e70aa9ef7b,6628df89b8160f08a3f675cd,,,,,,,,,,,,,,,,,,,,,,,,,,,,,,,,,,910.7567,912.2167,"[5,1,8,7,3,4,6,2]","[[-0.3,0.2],[0.3,0.2]]","[[0.125,-0.2],[-0.125,-0.2]]",-0.061450942,-0.251920393,1,0,0,0.9496,o2_image,912.2175,0,912.7225,912.7226,914.7167,,,,,,,,,,,,,,,,,,,,,,,,,,,,0,0,0,0,1,,,,,,,,,,,,,,,,,,,,,,,
,,5ea1965fc546e204bb568292,,male,2024-04-24_12h31.48.743,stockport_simplified,2022.2.4,Win32,60.24096386,661e456ee6de07e70aa9ef7b,6628df89b8160f08a3f675cd,,,,,,,,,,,,,,,,,,,,,,,,,,,,,,,,,,,,,,,,,,,,,,,,,,,,,,,,,,,,,A,B,N,o1_image,stimuli/out1.png,stimuli/correct_out1.png,stimuli/out2.png,,,,,,,,,,,,,,,,0,1,1,0,1,,,,,,,,,,,,,,,,,,
,,5ea1965fc546e204bb568292,,male,2024-04-24_12h31.48.743,stockport_simplified,2022.2.4,Win32,60.24096386,661e456ee6de07e70aa9ef7b,6628df89b8160f08a3f675cd,,,,,,,,,,,,,,,,,,,,,,,,,,,,,,,,,,914.7172,915.6671,"[5,1,8,7,3,4,6,2]","[[-0.3,0.2],[0.3,0.2]]","[[0.125,-0.2],[-0.125,-0.2]]",-0.061450942,-0.251920393,1,0,0,0.4288,o2_image,915.668,1,916.1561,916.1562,918.1502,,,,,,,,,,,,,,,,,,,,,,,,,,,,0,0,0,0,1,,,,,,,,,,,,,,,,,,,,,,,
,,5ea1965fc546e204bb568292,,male,2024-04-24_12h31.48.743,stockport_simplified,2022.2.4,Win32,60.24096386,661e456ee6de07e70aa9ef7b,6628df89b8160f08a3f675cd,,,,,,,,,,,,,,,,,,,,,,,,,,,,,,,,,,,,,,,,,,,,,,,,,,,,,,,,,,,,,C,Y,N,o2_image,stimuli/out2.png,stimuli/out1.png,stimuli/correct_out2.png,,,,,,,,,,,,,,,,0,2,2,26,1,,,,,,,,,,,,,,,,,,
,,5ea1965fc546e204bb568292,,male,2024-04-24_12h31.48.743,stockport_simplified,2022.2.4,Win32,60.24096386,661e456ee6de07e70aa9ef7b,6628df89b8160f08a3f675cd,,,,,,,,,,,,,,,,,,,,,,,,,,,,,,,,,,918.1505,921.5163,"[5,1,8,7,3,4,6,2]","[[-0.3,0.2],[0.3,0.2]]","[[-0.125,-0.2],[0.125,-0.2]]",-0.075106668,-0.230298755,1,0,0,2.8495,o1_image,921.517,0,922.0166,922.0166,924.0162,,,,,,,,,,,,,,,,,,,,,,,,,,,,0,0,0,0,1,,,,,,,,,,,,,,,,,,,,,,,
,,5ea1965fc546e204bb568292,,male,2024-04-24_12h31.48.743,stockport_simplified,2022.2.4,Win32,60.24096386,661e456ee6de07e70aa9ef7b,6628df89b8160f08a3f675cd,,,,,,,,,,,,,,,,,,,,,,,,,,,,,,,,,,,,,,,,,,,,,,,,,,,,,,,,,,,,,A,B,N,o2_image,stimuli/out2.png,stimuli/out1.png,stimuli/correct_out2.png,,,,,,,,,,,,,,,,0,3,3,8,1,,,,,,,,,,,,,,,,,,
,,5ea1965fc546e204bb568292,,male,2024-04-24_12h31.48.743,stockport_simplified,2022.2.4,Win32,60.24096386,661e456ee6de07e70aa9ef7b,6628df89b8160f08a3f675cd,,,,,,,,,,,,,,,,,,,,,,,,,,,,,,,,,,924.0167,924.899,"[5,1,8,7,3,4,6,2]","[[-0.3,0.2],[0.3,0.2]]","[[0.125,-0.2],[-0.125,-0.2]]",0.048933178,-0.231436717,1,0,0,0.3656,o1_image,924.8999,1,925.3991,925.3991,927.3991,,,,,,,,,,,,,,,,,,,,,,,,,,,,0,0,0,0,1,,,,,,,,,,,,,,,,,,,,,,,
,,5ea1965fc546e204bb568292,,male,2024-04-24_12h31.48.743,stockport_simplified,2022.2.4,Win32,60.24096386,661e456ee6de07e70aa9ef7b,6628df89b8160f08a3f675cd,,,,,,,,,,,,,,,,,,,,,,,,,,,,,,,,,,,,,,,,,,,,,,,,,,,,,,,,,,,,,A,B,N,o1_image,stimuli/out1.png,stimuli/correct_out1.png,stimuli/out2.png,,,,,,,,,,,,,,,,0,4,4,4,1,,,,,,,,,,,,,,,,,,
,,5ea1965fc546e204bb568292,,male,2024-04-24_12h31.48.743,stockport_simplified,2022.2.4,Win32,60.24096386,661e456ee6de07e70aa9ef7b,6628df89b8160f08a3f675cd,,,,,,,,,,,,,,,,,,,,,,,,,,,,,,,,,,927.3998,930.0654,"[5,1,8,7,3,4,6,2]","[[0.3,0.2],[-0.3,0.2]]","[[-0.125,-0.2],[0.125,-0.2]]",0.059175017,-0.229160792,1,0,0,2.1489,o2_image,930.0661,1,930.5657,930.5658,932.5658,,,,,,,,,,,,,,,,,,,,,,,,,,,,0,0,0,0,1,,,,,,,,,,,,,,,,,,,,,,,
,,5ea1965fc546e204bb568292,,male,2024-04-24_12h31.48.743,stockport_simplified,2022.2.4,Win32,60.24096386,661e456ee6de07e70aa9ef7b,6628df89b8160f08a3f675cd,,,,,,,,,,,,,,,,,,,,,,,,,,,,,,,,,,,,,,,,,,,,,,,,,,,,,,,,,,,,,C,Y,N,o2_image,stimuli/out2.png,stimuli/out1.png,stimuli/correct_out2.png,,,,,,,,,,,,,,,,0,5,5,24,1,,,,,,,,,,,,,,,,,,
,,5ea1965fc546e204bb568292,,male,2024-04-24_12h31.48.743,stockport_simplified,2022.2.4,Win32,60.24096386,661e456ee6de07e70aa9ef7b,6628df89b8160f08a3f675cd,,,,,,,,,,,,,,,,,,,,,,,,,,,,,,,,,,932.5662,934.7156,"[5,1,8,7,3,4,6,2]","[[-0.3,0.2],[0.3,0.2]]","[[-0.125,-0.2],[0.125,-0.2]]",-0.095590345,-0.229160792,1,0,0,1.6273,o1_image,934.7163,1,935.205,935.2051,937.2048,,,,,,,,,,,,,,,,,,,,,,,,,,,,0,0,0,0,1,,,,,,,,,,,,,,,,,,,,,,,
,,5ea1965fc546e204bb568292,,male,2024-04-24_12h31.48.743,stockport_simplified,2022.2.4,Win32,60.24096386,661e456ee6de07e70aa9ef7b,6628df89b8160f08a3f675cd,,,,,,,,,,,,,,,,,,,,,,,,,,,,,,,,,,,,,,,,,,,,,,,,,,,,,,,,,,,,,D,X,N,o1_image,stimuli/out1.png,stimuli/correct_out1.png,stimuli/out2.png,,,,,,,,,,,,,,,,0,6,6,13,1,,,,,,,,,,,,,,,,,,
,,5ea1965fc546e204bb568292,,male,2024-04-24_12h31.48.743,stockport_simplified,2022.2.4,Win32,60.24096386,661e456ee6de07e70aa9ef7b,6628df89b8160f08a3f675cd,,,,,,,,,,,,,,,,,,,,,,,,,,,,,,,,,,937.205,939.0486,"[5,1,8,7,3,4,6,2]","[[-0.3,0.2],[0.3,0.2]]","[[-0.125,-0.2],[0.125,-0.2]]",0.125177809,-0.165433881,1,0,0,1.3327,o2_image,939.0492,1,939.5381,939.5381,941.5325,,,,,,,,,,,,,,,,,,,,,,,,,,,,0,0,0,0,1,,,,,,,,,,,,,,,,,,,,,,,
,,5ea1965fc546e204bb568292,,male,2024-04-24_12h31.48.743,stockport_simplified,2022.2.4,Win32,60.24096386,661e456ee6de07e70aa9ef7b,6628df89b8160f08a3f675cd,,,,,,,,,,,,,,,,,,,,,,,,,,,,,,,,,,,,,,,,,,,,,,,,,,,,,,,,,,,,,A,B,N,o2_image,stimuli/out2.png,stimuli/out1.png,stimuli/correct_out2.png,,,,,,,,,,,,,,,,0,7,7,5,1,,,,,,,,,,,,,,,,,,
,,5ea1965fc546e204bb568292,,male,2024-04-24_12h31.48.743,stockport_simplified,2022.2.4,Win32,60.24096386,661e456ee6de07e70aa9ef7b,6628df89b8160f08a3f675cd,,,,,,,,,,,,,,,,,,,,,,,,,,,,,,,,,,941.5329,944.6147,"[5,1,8,7,3,4,6,2]","[[-0.3,0.2],[0.3,0.2]]","[[0.125,-0.2],[-0.125,-0.2]]",0.10469422,-0.208677116,1,0,0,2.5659,o1_image,944.6202,1,945.1152,945.1153,947.1043,,,,,,,,,,,,,,,,,,,,,,,,,,,,0,0,0,0,1,,,,,,,,,,,,,,,,,,,,,,,
,,5ea1965fc546e204bb568292,,male,2024-04-24_12h31.48.743,stockport_simplified,2022.2.4,Win32,60.24096386,661e456ee6de07e70aa9ef7b,6628df89b8160f08a3f675cd,,,,,,,,,,,,,,,,,,,,,,,,,,,,,,,,,,,,,,,,,,,,,,,,,,,,,,,,,,,,,D,X,N,o1_image,stimuli/out1.png,stimuli/correct_out1.png,stimuli/out2.png,,,,,,,,,,,,,,,,0,8,8,12,1,,,,,,,,,,,,,,,,,,
,,5ea1965fc546e204bb568292,,male,2024-04-24_12h31.48.743,stockport_simplified,2022.2.4,Win32,60.24096386,661e456ee6de07e70aa9ef7b,6628df89b8160f08a3f675cd,,,,,,,,,,,,,,,,,,,,,,,,,,,,,,,,,,947.1045,949.3645,"[5,1,8,7,3,4,6,2]","[[-0.3,0.2],[0.3,0.2]]","[[-0.125,-0.2],[0.125,-0.2]]",-0.141109548,-0.222332885,1,0,0,1.7496,o1_image,949.3653,1,949.8649,949.8649,951.8649,,,,,,,,,,,,,,,,,,,,,,,,,,,,0,0,0,0,1,,,,,,,,,,,,,,,,,,,,,,,
,,5ea1965fc546e204bb568292,,male,2024-04-24_12h31.48.743,stockport_simplified,2022.2.4,Win32,60.24096386,661e456ee6de07e70aa9ef7b,6628df89b8160f08a3f675cd,,,,,,,,,,,,,,,,,,,,,,,,,,,,,,,,,,,,,,,,,,,,,,,,,,,,,,,,,,,,,D,X,N,o1_image,stimuli/out1.png,stimuli/correct_out1.png,stimuli/out2.png,,,,,,,,,,,,,,,,0,9,9,15,1,,,,,,,,,,,,,,,,,,
,,5ea1965fc546e204bb568292,,male,2024-04-24_12h31.48.743,stockport_simplified,2022.2.4,Win32,60.24096386,661e456ee6de07e70aa9ef7b,6628df89b8160f08a3f675cd,,,,,,,,,,,,,,,,,,,,,,,,,,,,,,,,,,951.8653,953.8541,"[5,1,8,7,3,4,6,2]","[[0.3,0.2],[-0.3,0.2]]","[[0.125,-0.2],[-0.125,-0.2]]",-0.111521996,-0.202987215,1,0,0,1.4722,o2_image,953.8547,1,954.3478,954.3478,956.3482,,,,,,,,,,,,,,,,,,,,,,,,,,,,0,0,0,0,1,,,,,,,,,,,,,,,,,,,,,,,
,,5ea1965fc546e204bb568292,,male,2024-04-24_12h31.48.743,stockport_simplified,2022.2.4,Win32,60.24096386,661e456ee6de07e70aa9ef7b,6628df89b8160f08a3f675cd,,,,,,,,,,,,,,,,,,,,,,,,,,,,,,,,,,,,,,,,,,,,,,,,,,,,,,,,,,,,,C,Y,N,o2_image,stimuli/out2.png,stimuli/out1.png,stimuli/correct_out2.png,,,,,,,,,,,,,,,,0,10,10,28,1,,,,,,,,,,,,,,,,,,
,,5ea1965fc546e204bb568292,,male,2024-04-24_12h31.48.743,stockport_simplified,2022.2.4,Win32,60.24096386,661e456ee6de07e70aa9ef7b,6628df89b8160f08a3f675cd,,,,,,,,,,,,,,,,,,,,,,,,,,,,,,,,,,956.3487,958.7642,"[5,1,8,7,3,4,6,2]","[[-0.3,0.2],[0.3,0.2]]","[[-0.125,-0.2],[0.125,-0.2]]",-0.149075374,-0.240540593,1,0,0,1.899,o1_image,958.765,0,959.2538,959.2538,961.2478,,,,,,,,,,,,,,,,,,,,,,,,,,,,0,0,0,0,1,,,,,,,,,,,,,,,,,,,,,,,
,,5ea1965fc546e204bb568292,,male,2024-04-24_12h31.48.743,stockport_simplified,2022.2.4,Win32,60.24096386,661e456ee6de07e70aa9ef7b,6628df89b8160f08a3f675cd,,,,,,,,,,,,,,,,,,,,,,,,,,,,,,,,,,,,,,,,,,,,,,,,,,,,,,,,,,,,,A,B,N,o2_image,stimuli/out2.png,stimuli/out1.png,stimuli/correct_out2.png,,,,,,,,,,,,,,,,0,11,11,9,1,,,,,,,,,,,,,,,,,,
,,5ea1965fc546e204bb568292,,male,2024-04-24_12h31.48.743,stockport_simplified,2022.2.4,Win32,60.24096386,661e456ee6de07e70aa9ef7b,6628df89b8160f08a3f675cd,,,,,,,,,,,,,,,,,,,,,,,,,,,,,,,,,,961.2482,963.1639,"[5,1,8,7,3,4,6,2]","[[0.3,0.2],[-0.3,0.2]]","[[-0.125,-0.2],[0.125,-0.2]]",0.143385473,-0.212091134,1,0,0,1.3992,o2_image,963.1648,1,963.6536,963.6537,965.6478,,,,,,,,,,,,,,,,,,,,,,,,,,,,0,0,0,0,1,,,,,,,,,,,,,,,,,,,,,,,
,,5ea1965fc546e204bb568292,,male,2024-04-24_12h31.48.743,stockport_simplified,2022.2.4,Win32,60.24096386,661e456ee6de07e70aa9ef7b,6628df89b8160f08a3f675cd,,,,,,,,,,,,,,,,,,,,,,,,,,,,,,,,,,,,,,,,,,,,,,,,,,,,,,,,,,,,,C,Y,N,o2_image,stimuli/out2.png,stimuli/out1.png,stimuli/correct_out2.png,,,,,,,,,,,,,,,,0,12,12,27,1,,,,,,,,,,,,,,,,,,
,,5ea1965fc546e204bb568292,,male,2024-04-24_12h31.48.743,stockport_simplified,2022.2.4,Win32,60.24096386,661e456ee6de07e70aa9ef7b,6628df89b8160f08a3f675cd,,,,,,,,,,,,,,,,,,,,,,,,,,,,,,,,,,965.648,967.8469,"[5,1,8,7,3,4,6,2]","[[0.3,0.2],[-0.3,0.2]]","[[0.125,-0.2],[-0.125,-0.2]]",0.151351386,-0.214367016,1,0,0,1.6827,o1_image,967.8477,0,968.3471,968.3471,970.3467,,,,,,,,,,,,,,,,,,,,,,,,,,,,0,0,0,0,1,,,,,,,,,,,,,,,,,,,,,,,
,,5ea1965fc546e204bb568292,,male,2024-04-24_12h31.48.743,stockport_simplified,2022.2.4,Win32,60.24096386,661e456ee6de07e70aa9ef7b,6628df89b8160f08a3f675cd,,,,,,,,,,,,,,,,,,,,,,,,,,,,,,,,,,,,,,,,,,,,,,,,,,,,,,,,,,,,,A,B,N,o2_image,stimuli/out2.png,stimuli/out1.png,stimuli/correct_out2.png,,,,,,,,,,,,,,,,0,13,13,7,1,,,,,,,,,,,,,,,,,,
,,5ea1965fc546e204bb568292,,male,2024-04-24_12h31.48.743,stockport_simplified,2022.2.4,Win32,60.24096386,661e456ee6de07e70aa9ef7b,6628df89b8160f08a3f675cd,,,,,,,,,,,,,,,,,,,,,,,,,,,,,,,,,,970.3474,972.6801,"[5,1,8,7,3,4,6,2]","[[-0.3,0.2],[0.3,0.2]]","[[0.125,-0.2],[-0.125,-0.2]]",-0.077382594,-0.224608811,1,0,0,1.8158,o2_image,972.6808,0,973.1803,973.1803,975.18,,,,,,,,,,,,,,,,,,,,,,,,,,,,0,0,0,0,1,,,,,,,,,,,,,,,,,,,,,,,
,,5ea1965fc546e204bb568292,,male,2024-04-24_12h31.48.743,stockport_simplified,2022.2.4,Win32,60.24096386,661e456ee6de07e70aa9ef7b,6628df89b8160f08a3f675cd,,,,,,,,,,,,,,,,,,,,,,,,,,,,,,,,,,,,,,,,,,,,,,,,,,,,,,,,,,,,,A,B,N,o1_image,stimuli/out1.png,stimuli/correct_out1.png,stimuli/out2.png,,,,,,,,,,,,,,,,0,14,14,1,1,,,,,,,,,,,,,,,,,,
,,5ea1965fc546e204bb568292,,male,2024-04-24_12h31.48.743,stockport_simplified,2022.2.4,Win32,60.24096386,661e456ee6de07e70aa9ef7b,6628df89b8160f08a3f675cd,,,,,,,,,,,,,,,,,,,,,,,,,,,,,,,,,,975.1806,977.5466,"[5,1,8,7,3,4,6,2]","[[-0.3,0.2],[0.3,0.2]]","[[0.125,-0.2],[-0.125,-0.2]]",0.088762481,-0.207539109,1,0,0,1.849,o1_image,977.5474,1,978.0463,978.0465,980.0464,,,,,,,,,,,,,,,,,,,,,,,,,,,,0,0,0,0,1,,,,,,,,,,,,,,,,,,,,,,,
,,5ea1965fc546e204bb568292,,male,2024-04-24_12h31.48.743,stockport_simplified,2022.2.4,Win32,60.24096386,661e456ee6de07e70aa9ef7b,6628df89b8160f08a3f675cd,,,,,,,,,,,,,,,,,,,,,,,,,,,,,,,,,,,,,,,,,,,,,,,,,,,,,,,,,,,,,D,X,N,o1_image,stimuli/out1.png,stimuli/correct_out1.png,stimuli/out2.png,,,,,,,,,,,,,,,,0,15,15,19,1,,,,,,,,,,,,,,,,,,
,,5ea1965fc546e204bb568292,,male,2024-04-24_12h31.48.743,stockport_simplified,2022.2.4,Win32,60.24096386,661e456ee6de07e70aa9ef7b,6628df89b8160f08a3f675cd,,,,,,,,,,,,,,,,,,,,,,,,,,,,,,,,,,980.0471,981.6795,"[5,1,8,7,3,4,6,2]","[[-0.3,0.2],[0.3,0.2]]","[[0.125,-0.2],[-0.125,-0.2]]",-0.09217637,-0.207539109,1,0,0,1.1157,o2_image,981.6803,1,982.1799,982.1799,984.18,,,,,,,,,,,,,,,,,,,,,,,,,,,,0,0,0,0,1,,,,,,,,,,,,,,,,,,,,,,,
,,5ea1965fc546e204bb568292,,male,2024-04-24_12h31.48.743,stockport_simplified,2022.2.4,Win32,60.24096386,661e456ee6de07e70aa9ef7b,6628df89b8160f08a3f675cd,,,,,,,,,,,,,,,,,,,,,,,,,,,,,,,,,,,,,,,,,,,,,,,,,,,,,,,,,,,,,C,Y,N,o2_image,stimuli/out2.png,stimuli/out1.png,stimuli/correct_out2.png,,,,,,,,,,,,,,,,0,16,16,21,1,,,,,,,,,,,,,,,,,,
,,5ea1965fc546e204bb568292,,male,2024-04-24_12h31.48.743,stockport_simplified,2022.2.4,Win32,60.24096386,661e456ee6de07e70aa9ef7b,6628df89b8160f08a3f675cd,,,,,,,,,,,,,,,,,,,,,,,,,,,,,,,,,,984.1803,986.7791,"[5,1,8,7,3,4,6,2]","[[-0.3,0.2],[0.3,0.2]]","[[0.125,-0.2],[-0.125,-0.2]]",0.069416768,-0.210953084,1,0,0,2.0818,o1_image,986.7844,1,987.2794,987.2794,989.2793,,,,,,,,,,,,,,,,,,,,,,,,,,,,0,0,0,0,1,,,,,,,,,,,,,,,,,,,,,,,
,,5ea1965fc546e204bb568292,,male,2024-04-24_12h31.48.743,stockport_simplified,2022.2.4,Win32,60.24096386,661e456ee6de07e70aa9ef7b,6628df89b8160f08a3f675cd,,,,,,,,,,,,,,,,,,,,,,,,,,,,,,,,,,,,,,,,,,,,,,,,,,,,,,,,,,,,,D,X,N,o1_image,stimuli/out1.png,stimuli/correct_out1.png,stimuli/out2.png,,,,,,,,,,,,,,,,0,17,17,18,1,,,,,,,,,,,,,,,,,,
,,5ea1965fc546e204bb568292,,male,2024-04-24_12h31.48.743,stockport_simplified,2022.2.4,Win32,60.24096386,661e456ee6de07e70aa9ef7b,6628df89b8160f08a3f675cd,,,,,,,,,,,,,,,,,,,,,,,,,,,,,,,,,,989.2796,990.9958,"[5,1,8,7,3,4,6,2]","[[-0.3,0.2],[0.3,0.2]]","[[-0.125,-0.2],[0.125,-0.2]]",-0.149075374,-0.221194879,1,0,0,1.1996,o1_image,990.9966,1,991.4955,991.4956,993.4959,,,,,,,,,,,,,,,,,,,,,,,,,,,,0,0,0,0,1,,,,,,,,,,,,,,,,,,,,,,,
,,5ea1965fc546e204bb568292,,male,2024-04-24_12h31.48.743,stockport_simplified,2022.2.4,Win32,60.24096386,661e456ee6de07e70aa9ef7b,6628df89b8160f08a3f675cd,,,,,,,,,,,,,,,,,,,,,,,,,,,,,,,,,,,,,,,,,,,,,,,,,,,,,,,,,,,,,D,X,N,o1_image,stimuli/out1.png,stimuli/correct_out1.png,stimuli/out2.png,,,,,,,,,,,,,,,,0,18,18,16,1,,,,,,,,,,,,,,,,,,
,,5ea1965fc546e204bb568292,,male,2024-04-24_12h31.48.743,stockport_simplified,2022.2.4,Win32,60.24096386,661e456ee6de07e70aa9ef7b,6628df89b8160f08a3f675cd,,,,,,,,,,,,,,,,,,,,,,,,,,,,,,,,,,993.4965,995.0956,"[5,1,8,7,3,4,6,2]","[[-0.3,0.2],[0.3,0.2]]","[[0.125,-0.2],[-0.125,-0.2]]",0.11038412,-0.221194879,1,0,0,1.0826,o1_image,995.0965,1,995.5959,995.596,997.5958,,,,,,,,,,,,,,,,,,,,,,,,,,,,0,0,0,0,1,,,,,,,,,,,,,,,,,,,,,,,
,,5ea1965fc546e204bb568292,,male,2024-04-24_12h31.48.743,stockport_simplified,2022.2.4,Win32,60.24096386,661e456ee6de07e70aa9ef7b,6628df89b8160f08a3f675cd,,,,,,,,,,,,,,,,,,,,,,,,,,,,,,,,,,,,,,,,,,,,,,,,,,,,,,,,,,,,,D,X,N,o1_image,stimuli/out1.png,stimuli/correct_out1.png,stimuli/out2.png,,,,,,,,,,,,,,,,0,19,19,10,1,,,,,,,,,,,,,,,,,,
,,5ea1965fc546e204bb568292,,male,2024-04-24_12h31.48.743,stockport_simplified,2022.2.4,Win32,60.24096386,661e456ee6de07e70aa9ef7b,6628df89b8160f08a3f675cd,,,,,,,,,,,,,,,,,,,,,,,,,,,,,,,,,,997.5961,999.6956,"[5,1,8,7,3,4,6,2]","[[0.3,0.2],[-0.3,0.2]]","[[0.125,-0.2],[-0.125,-0.2]]",0.11038412,-0.221194879,1,0,0,1.5832,o1_image,999.6961,1,1000.1955,1000.1955,1002.2001,,,,,,,,,,,,,,,,,,,,,,,,,,,,0,0,0,0,1,,,,,,,,,,,,,,,,,,,,,,,
,,5ea1965fc546e204bb568292,,male,2024-04-24_12h31.48.743,stockport_simplified,2022.2.4,Win32,60.24096386,661e456ee6de07e70aa9ef7b,6628df89b8160f08a3f675cd,,,,,,,,,,,,,,,,,,,,,,,,,,,,,,,,,,,,,,,,,,,,,,,,,,,,,,,,,,,,,D,X,N,o1_image,stimuli/out1.png,stimuli/correct_out1.png,stimuli/out2.png,,,,,,,,,,,,,,,,0,20,20,17,1,,,,,,,,,,,,,,,,,,
,,5ea1965fc546e204bb568292,,male,2024-04-24_12h31.48.743,stockport_simplified,2022.2.4,Win32,60.24096386,661e456ee6de07e70aa9ef7b,6628df89b8160f08a3f675cd,,,,,,,,,,,,,,,,,,,,,,,,,,,,,,,,,,1002.2004,1004.5511,"[5,1,8,7,3,4,6,2]","[[0.3,0.2],[-0.3,0.2]]","[[0.125,-0.2],[-0.125,-0.2]]",-0.078520643,-0.221194879,1,0,0,1.8388,o2_image,1004.5562,1,1005.0453,1005.0453,1007.0447,,,,,,,,,,,,,,,,,,,,,,,,,,,,0,0,0,0,1,,,,,,,,,,,,,,,,,,,,,,,
,,5ea1965fc546e204bb568292,,male,2024-04-24_12h31.48.743,stockport_simplified,2022.2.4,Win32,60.24096386,661e456ee6de07e70aa9ef7b,6628df89b8160f08a3f675cd,,,,,,,,,,,,,,,,,,,,,,,,,,,,,,,,,,,,,,,,,,,,,,,,,,,,,,,,,,,,,C,Y,N,o2_image,stimuli/out2.png,stimuli/out1.png,stimuli/correct_out2.png,,,,,,,,,,,,,,,,0,21,21,22,1,,,,,,,,,,,,,,,,,,
,,5ea1965fc546e204bb568292,,male,2024-04-24_12h31.48.743,stockport_simplified,2022.2.4,Win32,60.24096386,661e456ee6de07e70aa9ef7b,6628df89b8160f08a3f675cd,,,,,,,,,,,,,,,,,,,,,,,,,,,,,,,,,,1007.0454,1009.3781,"[5,1,8,7,3,4,6,2]","[[0.3,0.2],[-0.3,0.2]]","[[0.125,-0.2],[-0.125,-0.2]]",-0.085348506,-0.221194879,1,0,0,1.8159,o2_image,1009.3788,0,1009.8781,1009.8781,1011.8785,,,,,,,,,,,,,,,,,,,,,,,,,,,,0,0,0,0,1,,,,,,,,,,,,,,,,,,,,,,,
,,5ea1965fc546e204bb568292,,male,2024-04-24_12h31.48.743,stockport_simplified,2022.2.4,Win32,60.24096386,661e456ee6de07e70aa9ef7b,6628df89b8160f08a3f675cd,,,,,,,,,,,,,,,,,,,,,,,,,,,,,,,,,,,,,,,,,,,,,,,,,,,,,,,,,,,,,A,B,N,o1_image,stimuli/out1.png,stimuli/correct_out1.png,stimuli/out2.png,,,,,,,,,,,,,,,,0,22,22,3,1,,,,,,,,,,,,,,,,,,
,,5ea1965fc546e204bb568292,,male,2024-04-24_12h31.48.743,stockport_simplified,2022.2.4,Win32,60.24096386,661e456ee6de07e70aa9ef7b,6628df89b8160f08a3f675cd,,,,,,,,,,,,,,,,,,,,,,,,,,,,,,,,,,1011.8788,1013.634,"[5,1,8,7,3,4,6,2]","[[-0.3,0.2],[0.3,0.2]]","[[0.125,-0.2],[-0.125,-0.2]]",-0.108108108,-0.214367016,1,0,0,1.2386,o2_image,1013.6343,1,1014.1336,1014.1337,1016.1282,,,,,,,,,,,,,,,,,,,,,,,,,,,,0,0,0,0,1,,,,,,,,,,,,,,,,,,,,,,,
,,5ea1965fc546e204bb568292,,male,2024-04-24_12h31.48.743,stockport_simplified,2022.2.4,Win32,60.24096386,661e456ee6de07e70aa9ef7b,6628df89b8160f08a3f675cd,,,,,,,,,,,,,,,,,,,,,,,,,,,,,,,,,,,,,,,,,,,,,,,,,,,,,,,,,,,,,C,Y,N,o2_image,stimuli/out2.png,stimuli/out1.png,stimuli/correct_out2.png,,,,,,,,,,,,,,,,0,23,23,25,1,,,,,,,,,,,,,,,,,,
,,5ea1965fc546e204bb568292,,male,2024-04-24_12h31.48.743,stockport_simplified,2022.2.4,Win32,60.24096386,661e456ee6de07e70aa9ef7b,6628df89b8160f08a3f675cd,,,,,,,,,,,,,,,,,,,,,,,,,,,,,,,,,,1016.1287,1018.6446,"[5,1,8,7,3,4,6,2]","[[-0.3,0.2],[0.3,0.2]]","[[-0.125,-0.2],[0.125,-0.2]]",-0.094452295,-0.239402543,1,0,0,1.999,o1_image,1018.65,1,1019.1447,1019.1447,1021.1446,,,,,,,,,,,,,,,,,,,,,,,,,,,,0,0,0,0,1,,,,,,,,,,,,,,,,,,,,,,,
,,5ea1965fc546e204bb568292,,male,2024-04-24_12h31.48.743,stockport_simplified,2022.2.4,Win32,60.24096386,661e456ee6de07e70aa9ef7b,6628df89b8160f08a3f675cd,,,,,,,,,,,,,,,,,,,,,,,,,,,,,,,,,,,,,,,,,,,,,,,,,,,,,,,,,,,,,A,B,N,o1_image,stimuli/out1.png,stimuli/correct_out1.png,stimuli/out2.png,,,,,,,,,,,,,,,,0,24,24,2,1,,,,,,,,,,,,,,,,,,
,,5ea1965fc546e204bb568292,,male,2024-04-24_12h31.48.743,stockport_simplified,2022.2.4,Win32,60.24096386,661e456ee6de07e70aa9ef7b,6628df89b8160f08a3f675cd,,,,,,,,,,,,,,,,,,,,,,,,,,,,,,,,,,1021.1452,1023.8273,"[5,1,8,7,3,4,6,2]","[[-0.3,0.2],[0.3,0.2]]","[[0.125,-0.2],[-0.125,-0.2]]",0.11038412,-0.225746817,1,0,0,2.1659,o1_image,1023.8281,1,1024.3277,1024.3278,1026.3274,,,,,,,,,,,,,,,,,,,,,,,,,,,,0,0,0,0,1,,,,,,,,,,,,,,,,,,,,,,,
,,5ea1965fc546e204bb568292,,male,2024-04-24_12h31.48.743,stockport_simplified,2022.2.4,Win32,60.24096386,661e456ee6de07e70aa9ef7b,6628df89b8160f08a3f675cd,,,,,,,,,,,,,,,,,,,,,,,,,,,,,,,,,,,,,,,,,,,,,,,,,,,,,,,,,,,,,D,X,N,o1_image,stimuli/out1.png,stimuli/correct_out1.png,stimuli/out2.png,,,,,,,,,,,,,,,,0,25,25,14,1,,,,,,,,,,,,,,,,,,
,,5ea1965fc546e204bb568292,,male,2024-04-24_12h31.48.743,stockport_simplified,2022.2.4,Win32,60.24096386,661e456ee6de07e70aa9ef7b,6628df89b8160f08a3f675cd,,,,,,,,,,,,,,,,,,,,,,,,,,,,,,,,,,1026.3279,1028.3604,"[5,1,8,7,3,4,6,2]","[[0.3,0.2],[-0.3,0.2]]","[[-0.125,-0.2],[0.125,-0.2]]",-0.071692693,-0.21891891,1,0,0,1.5157,o1_image,1028.3612,0,1028.8606,1028.8606,1030.8668,,,,,,,,,,,,,,,,,,,,,,,,,,,,0,0,0,0,1,,,,,,,,,,,,,,,,,,,,,,,
,,5ea1965fc546e204bb568292,,male,2024-04-24_12h31.48.743,stockport_simplified,2022.2.4,Win32,60.24096386,661e456ee6de07e70aa9ef7b,6628df89b8160f08a3f675cd,,,,,,,,,,,,,,,,,,,,,,,,,,,,,,,,,,,,,,,,,,,,,,,,,,,,,,,,,,,,,C,Y,N,o2_image,stimuli/out2.png,stimuli/out1.png,stimuli/correct_out2.png,,,,,,,,,,,,,,,,0,26,26,23,1,,,,,,,,,,,,,,,,,,
,,5ea1965fc546e204bb568292,,male,2024-04-24_12h31.48.743,stockport_simplified,2022.2.4,Win32,60.24096386,661e456ee6de07e70aa9ef7b,6628df89b8160f08a3f675cd,,,,,,,,,,,,,,,,,,,,,,,,,,,,,,,,,,1030.867,1033.0941,"[5,1,8,7,3,4,6,2]","[[-0.3,0.2],[0.3,0.2]]","[[0.125,-0.2],[-0.125,-0.2]]",0.120625872,-0.197297315,1,0,0,1.7139,o1_image,1033.0946,1,1033.5991,1033.5991,1035.5937,,,,,,,,,,,,,,,,,,,,,,,,,,,,0,0,0,0,1,,,,,,,,,,,,,,,,,,,,,,,
,,5ea1965fc546e204bb568292,,male,2024-04-24_12h31.48.743,stockport_simplified,2022.2.4,Win32,60.24096386,661e456ee6de07e70aa9ef7b,6628df89b8160f08a3f675cd,,,,,,,,,,,,,,,,,,,,,,,,,,,,,,,,,,,,,,,,,,,,,,,,,,,,,,,,,,,,,D,X,N,o1_image,stimuli/out1.png,stimuli/correct_out1.png,stimuli/out2.png,,,,,,,,,,,,,,,,0,27,27,11,1,,,,,,,,,,,,,,,,,,
,,5ea1965fc546e204bb568292,,male,2024-04-24_12h31.48.743,stockport_simplified,2022.2.4,Win32,60.24096386,661e456ee6de07e70aa9ef7b,6628df89b8160f08a3f675cd,,,,,,,,,,,,,,,,,,,,,,,,,,,,,,,,,,1035.5942,1038.6599,"[5,1,8,7,3,4,6,2]","[[0.3,0.2],[-0.3,0.2]]","[[0.125,-0.2],[-0.125,-0.2]]",0.064864917,-0.220056916,1,0,0,2.5493,o1_image,1038.6654,0,1039.16,1039.1601,1041.1602,,,,,,,,,,,,,,,,,,,,,,,,,,,,0,0,0,0,1,,,,,,,,,,,,,,,,,,,,,,,
,,5ea1965fc546e204bb568292,,male,2024-04-24_12h31.48.743,stockport_simplified,2022.2.4,Win32,60.24096386,661e456ee6de07e70aa9ef7b,6628df89b8160f08a3f675cd,,,,,,,,,,,,,,,,,,,,,,,,,,,,,,,,,,,,,,,,,,,,,,,,,,,,,,,,,,,,,C,Y,N,o2_image,stimuli/out2.png,stimuli/out1.png,stimuli/correct_out2.png,,,,,,,,,,,,,,,,0,28,28,20,1,,,,,,,,,,,,,,,,,,
,,5ea1965fc546e204bb568292,,male,2024-04-24_12h31.48.743,stockport_simplified,2022.2.4,Win32,60.24096386,661e456ee6de07e70aa9ef7b,6628df89b8160f08a3f675cd,,,,,,,,,,,,,,,,,,,,,,,,,,,,,,,,,,1041.1605,1042.8264,"[5,1,8,7,3,4,6,2]","[[0.3,0.2],[-0.3,0.2]]","[[-0.125,-0.2],[0.125,-0.2]]",0.085348506,-0.228022786,1,0,0,1.1498,o2_image,1042.8271,1,1043.3264,1043.3265,1045.3266,,,,,,,,,,,,,,,,,,,,,,,,,,,,0,0,0,0,1,,,,,,,,,,,,,,,,,,,,,,,
,,5ea1965fc546e204bb568292,,male,2024-04-24_12h31.48.743,stockport_simplified,2022.2.4,Win32,60.24096386,661e456ee6de07e70aa9ef7b,6628df89b8160f08a3f675cd,,,,,,,,,,,,,,,,,,,,,,,,,,,,,,,,,,,,,,,,,,,,,,,,,,,,,,,,,,,,,C,Y,N,o2_image,stimuli/out2.png,stimuli/out1.png,stimuli/correct_out2.png,,,,,,,,,,,,,,,,0,29,29,29,1,,,,,,,,,,,,,,,,,,
,,5ea1965fc546e204bb568292,,male,2024-04-24_12h31.48.743,stockport_simplified,2022.2.4,Win32,60.24096386,661e456ee6de07e70aa9ef7b,6628df89b8160f08a3f675cd,,,,,,,,,,,,,,,,,,,,,,,,,,,,,,,,,,,,,,,,,,,,,,,,,,,,,,,,,,,,,,,,,,,,,,,,,,,,,,,,,,,,,,,,1045.3298,1048.8101,0,0,0,0,1,instructions/debrief1.png,,,,,,,,,,
,,5ea1965fc546e204bb568292,,male,2024-04-24_12h31.48.743,stockport_simplified,2022.2.4,Win32,60.24096386,661e456ee6de07e70aa9ef7b,6628df89b8160f08a3f675cd,,,,,,,,,,,,,,,,,,,,,,,,,,,,,,,,,,,,,,,,,,,,,,,,,,,,,,,,,,,,,,,,,,,,,,,,,,,,,,,,,,,,,,,,1048.815,1050.1427,0,1,1,1,1,instructions/debrief2.png,,,,,,,,,,
,,5ea1965fc546e204bb568292,,male,2024-04-24_12h31.48.743,stockport_simplified,2022.2.4,Win32,60.24096386,661e456ee6de07e70aa9ef7b,6628df89b8160f08a3f675cd,,,,,,,,,,,,,,,,,,,,,,,,,,,,,,,,,,,,,,,,,,,,,,,,,,,,,,,,,,,,,,,,,,,,,,,,,,,,,,,,,,,,,,,,1050.1429,1051.1093,0,2,2,2,1,instructions/debrief3.png,,,,,,,,,,
,,5ea1965fc546e204bb568292,,male,2024-04-24_12h31.48.743,stockport_simplified,2022.2.4,Win32,60.24096386,661e456ee6de07e70aa9ef7b,6628df89b8160f08a3f675cd,,,,,,,,,,,,,,,,,,,,,,,,,,,,,,,,,,,,,,,,,,,,,,,,,,,,,,,,,,,,,,,,,,,,,,,,,,,,,,,,,,,,,,,,,,,,,,,,0,0,0,0,1,,,,,
,,5ea1965fc546e204bb568292,,male,2024-04-24_12h31.48.743,stockport_simplified,2022.2.4,Win32,60.24096386,661e456ee6de07e70aa9ef7b,6628df89b8160f08a3f675cd,,,,,,,,,,,,,,,,,,,,,,,,,,,,,,,,,,,,,,,,,,,,,,,,,,,,,,,,,,,,,,,,,,,,,,,,,,,,,,,,,,,,,,,,,,,,,,,,,,,,,0,0,0,0,1
